779753210
296163942
526067813
327300882
694012110
131070752
255207930
133532633
383186425
799988993
421051973
815894027
293325345
660879795
532799534
122590284
770227156
446460072
455295331
536480288
784250998
670255215
966663436
343120814
855775850
232364756
929448629
330808675
700425030
489181372
891476402
272164155
822348560
394764044
357975364
811850616
444283832
957727402
829835006
933702393
482446761
821264791
211346321
667820788
199628511
935872476
666742444
842501589
383337437
750320495
792759047
292300899
623359888
311530749
434385170
252056226
646212659
782088306
314933043
278947635
790819348
381862398
832098353
664980385
687386283
361121319
340328607
970691697
752939199
109130197
422963342
347353106
177556430
743232850
508125752
766612407
831621940
504763069
278591785
579156000
755473941
518594223
544272394
572202634
590970842
238007224
517156298
835039778
174358923
674064130
389156286
497914227
246266189
465798467
839118105
157637850
948675542
647732158
222947160
355601874
809441884
813627894
423415229
482047090
746426516
634646289
857592961
449832145
621328565
709615441
444282286
976151734
115587063
453952554
408121076
784432458
507523209
946584463
104130704
801360542
529612519
761802129
446374436
719789710
432832156
592978327
614526744
505251530
823020369
976287151
729911185
987366476
255716932
634647171
202259013
842871442
233719807
497437251
527947270
646389915
760587623
799073679
314686173
222491538
102661675
146769099
497987865
524123256
947645269
844650770
341220913
386027296
704184620
470092355
173199668
331126859
387375118
737709681
400841986
344369966
960218141
645418631
576660658
808596799
829031530
982518434
860049105
934641879
768253419
486430156
595016213
681923873
696136562
396860784
992196651
957581344
836267136
719914378
795391377
462272024
137277278
745708235
201241073
384693294
932982558
910479425
693586724
726073808
454723629
774482414
421573876
805294036
992993158
538859644
462464265
122658396
262623414
958669502
709460241
957382187
239461015
239293211
651041219
586598507
510212019
288160900
970875294
598613774
643643624
370032382
381066217
289665977
989445338
546923471
258197359
839698806
816033112
824792669
412181977
298402539
408088208
964552557
431964019
981059939
627981745
180488045
358725370
107187456
702345113
303286270
253546558
925038868
942962854
717656613
575953344
292052015
798106754
292941858
543304440
385903611
108423232
578225242
186173675
414812103
616624879
855146802
324495112
104399515
486911816
449989763
467732140
630369348
735613264
113399128
942758347
407993713
214795818
288915305
521912439
598440573
931005026
262447181
788298412
683542783
633966300
452543072
291567388
206759484
360868338
753221654
942562553
767394215
788523087
710611499
794367361
332644972
952879294
203978423
157344077
734327269
136882441
191416140
683191559
294765932
106483415
603082541
476037385
357338471
942747632
901547532
822825052
522019846
799779717
319183100
784640393
333130881
638067843
891105535
883322475
335730361
394678694
444004782
402886810
916278747
290696165
378551323
315222776
718120199
388729970
425469149
876050565
683622517
539570852
105810336
484220572
403579394
200048130
333524998
243619927
906215240
723894845
824147800
893480913
176633008
407529544
340214628
624921412
599049205
848406772
463690954
746258661
392924157
635456189
310632855
944731404
902934345
297719217
223553693
962345584
846670525
502756910
980109505
612327156
802198280
229081333
179398110
956746570
476479507
262042370
703908421
829040607
223492872
946787801
932865726
312589933
427759077
104358658
506303979
114947765
314043190
669775823
839678191
226307022
945621320
489443045
148341378
652342433
872431811
400715379
796146721
648932977
331691934
186405832
721802849
317436974
689787735
111540915
732571099
232041968
385218348
682116692
812165310
947695155
466529429
874001487
764151896
562010627
844785923
271288118
867856943
339677284
893967081
600515061
441379966
580314636
475050804
507958770
540626741
929894303
102331038
278603192
963651434
146811101
195375359
502252692
492172049
779178925
642990448
938417715
198473011
801210699
701915646
514235468
202625810
892107671
427000696
842879196
610795012
622474591
171960706
567510334
764606253
129302474
351330691
590071256
449341818
409426060
676847811
682574716
259700616
476516245
789415466
284481078
255208489
614759888
478748822
845126963
954214980
524363473
504045685
115958809
992259590
701029559
435965595
959913626
983322342
315776840
963760342
465242832
236116272
945102402
868465486
239618434
537425597
294924888
608295473
586721502
549235560
366729741
922608428
452901284
250231624
560569695
413750752
466129891
108988701
325945002
469951703
767195353
425395696
109801079
407880272
566594046
378253606
861610806
976365468
183883219
670193892
628168178
328367546
599871891
997507394
527991969
923353535
935858926
542458110
447623108
864480287
908697031
747085693
789401593
654668181
688591885
199082785
358594015
515379302
407741175
251261030
417822599
164846433
144049576
426314697
284334632
562234276
166444544
780755208
581595160
669934737
537563964
997668820
807284076
835937249
578805041
102869851
256809791
714866926
161844062
376939411
508213038
695367124
830301921
876646022
165744239
731110143
466849477
435409124
359732318
579040062
662620783
281005569
906147406
370044324
824158939
892930131
888180819
528864612
517000161
212223232
502542920
958653534
598586190
496816797
814882463
149959967
351950461
998048406
708305848
666540782
500133325
313392795
174589638
943431718
556133807
898736862
688668183
920834841
660014225
784851808
570939165
985972855
565612561
469705014
160091417
327770163
986867654
834002277
379644182
371596667
494926839
739620700
513974082
645051561
409675932
172025489
220616352
214282645
743984539
962278037
259620119
521250881
382339641
466825114
206427323
417655806
106616533
800929598
923761271
429327860
294415484
555743083
509512987
303661892
424074024
425812430
741758115
538113047
825849636
260905323
749643913
638156002
573194383
833730946
365727910
614013342
418260469
928874443
482718148
445192805
686821301
863749683
907072568
742346018
176445040
197459177
276092283
353838486
850391194
192854817
297985370
112849681
527811809
382190149
596301259
477092509
640856603
195687317
617468753
825927944
685176853
836142975
663312131
272026670
927991363
197686801
679236618
496700409
947185897
637163069
992444279
914562600
450494176
267308940
777067439
907054669
756621252
604283785
440984727
239527778
539642725
736317704
151766922
916618335
924888712
856991307
200248371
834861863
151319140
278943065
298696505
377160623
566142230
196890274
440979527
294508910
695292978
948418488
911908395
468005803
317091047
938632504
225904915
518438422
780721147
209876711
838759803
658472130
874095828
595267731
632329504
727256455
368525192
332255567
909636518
172944143
114729069
524818146
349263976
144347303
799034008
894626136
743760258
504663651
908457058
994251590
247004826
122563945
944483404
876611968
985883437
944637560
578684978
318380050
740282023
614768295
175907209
918721082
887531664
670199976
845827416
344477159
288995118
186364295
259508478
176096134
917379662
730860399
679356995
479537894
176937717
988538501
942972710
768576927
689483603
807454281
158286726
285279568
413397997
681616111
487586501
580056197
491007139
710368314
757035852
766278982
801788095
569423099
407113463
676697168
162735656
912296668
250114368
341392323
894973250
591084954
343981148
748660874
910264062
209169276
724638485
680834506
464135721
111319471
725711848
397810213
762080613
251233434
209481689
552117111
543019022
521461562
566970105
445600803
297237670
895820410
630888278
504954809
783571866
492619794
174467591
845078150
284177293
383894670
869328872
382364907
825411466
968338181
245173785
356905723
271320822
676695776
328147788
246391548
219277568
321635489
367719071
436756768
665638372
941597930
177912515
896775185
207630520
595684237
303407520
139599257
564062568
914802473
882510907
573615195
643079233
235400210
863772037
931933016
475204430
746886267
566355752
402304396
292467563
809703376
869226572
405560474
161142680
604297090
803039928
414759824
662507316
389846169
394871776
587788092
351023491
112022949
362845619
503243233
430708851
266933160
828351990
947716357
900434626
253561246
689673561
846947657
542105832
359160883
477655215
509495059
340788565
515864008
782982054
536808348
737736955
952074791
969184455
266234220
855804779
638519033
734974675
940770091
442619333
362021451
865214981
854680168
479104656
987770976
193122781
337950644
605783433
946127172
240527650
424108440
605250462
348374354
258377757
277473562
200048967
533255428
675177305
704503807
410798902
574786229
697340390
509192054
231663850
814710614
433575097
180657104
635509148
188568662
356294114
732222531
365077799
490835452
320325458
416885200
767899740
738928790
156171545
703727407
640405758
838921374
875084614
252340832
963267035
443618406
892822688
955047371
761982138
686546855
257066436
663655396
846389693
124824926
218434109
695593160
765351390
339519655
364147493
404601279
124184110
371209732
687188995
729242440
140298954
191418668
398882720
180831925
771450278
693859858
154334614
121189907
964898044
714453597
236005886
931959575
625243660
703245598
793924465
777210194
544157908
364609725
531551349
770545326
959466865
837312558
779408982
528936272
801525938
450238228
835882133
696656335
824832827
784954554
699653116
853252693
125934941
114074191
602605602
161954148
624330006
560908924
981570217
961439341
445066065
429206669
427954576
670254650
833868096
804999360
550147021
649621240
997510519
825806285
429457664
900105640
786794163
177761934
228267549
626616866
185664036
872449916
642860473
916894787
329071910
991980363
237567493
538871852
672531250
663365031
256123903
425627533
572723818
649302499
617889565
523425839
810646060
253651474
401901420
829434771
202848234
242166936
536183849
862031405
665724286
593523855
420328402
283637789
781318754
471560781
460748137
826556403
789238497
708267088
139181226
845434942
943757406
206972285
376133705
324336493
425375501
931423226
455605737
957887840
959627193
884348575
747589938
565713378
623209313
777961759
954190838
273687182
561317892
457911639
158581706
236368750
938661900
866539275
241824467
250693747
283225755
294755982
698058034
553327542
960396424
250344988
474690783
161057572
705360734
926337428
942907414
415242541
919201788
888334146
531876635
394024992
334490449
419752457
530657278
935772204
204815571
648001291
469065478
114230118
114058004
103795784
562391243
779269119
401108418
800293774
449686199
741377753
674239330
728392796
733094059
113570177
842733397
767171029
162452838
625612255
769897707
303454264
913196087
350229180
408981283
746869302
369621988
424918155
779380660
965800895
276935965
324680285
342601836
441346511
904171685
349815554
369423331
584806948
488908381
722057215
332684702
572474103
618389484
173508394
861145848
755376443
740461122
680464794
456566294
354205122
807154534
129302774
981206321
485811131
390790796
235648587
117071150
480692693
901204997
502940931
292597141
252862832
137832179
626802420
635398255
612101270
117295663
804286309
628405012
968513978
615608907
795294031
366017958
624959576
688398929
181845244
764414945
723588300
488196563
481150151
674486509
193749843
403795136
489005275
394132384
480183269
468177152
789866329
532431709
240250594
387765431
235464576
555863839
528819523
336052998
263752160
293111158
178724247
960907425
667553846
319067476
603116950
231215906
794800718
195643451
480281623
230165348
138430376
445613936
991960961
666151496
471139746
756396712
553471215
612911182
742309701
552414873
119889231
119261064
609651576
266879128
347809684
659161530
720243233
687266056
106794561
580103893
317549631
120568827
708090220
172208436
751669975
823304721
377468880
561677194
164792774
278810886
676248954
958541477
883016602
417744447
872347141
420613026
903897616
772116737
317970712
346019681
870950912
942454111
419856496
799567872
453395959
686102430
966547805
926404471
553371635
315753295
697773292
271793422
891787479
171309398
369683521
358184900
567951163
221880626
650614308
494401023
850128934
442815880
168987631
133342173
144299557
665781056
519081508
413514534
939764067
374717656
598442694
157140078
342834375
524347937
766721824
401514898
814897980
664468080
681661910
801599177
492457275
200800200
895157350
659327174
264182467
120150693
136376425
455471482
850265584
311488956
303079341
173244486
480466066
719785353
381168005
106989037
565118142
681125791
188297152
303817234
320946667
553079621
612587749
490864672
354184066
213980509
756806571
498207826
195778389
676017679
562716369
500720370
857453049
418084339
382095482
405789592
551080238
271402411
678923467
632841270
323968461
790044523
304022264
686673407
245723976
360147799
915811438
533126838
538121336
682612442
255968362
938176925
867072975
561929113
524406274
672068644
815423435
552783426
911713935
510523858
849089369
872649082
158866642
344199168
196632068
100644078
283721980
897909531
548780303
495099270
875705709
200561479
106520217
156272290
875313103
420521932
475092827
208107709
413031167
375365371
327823742
136709684
957348672
554821730
515102337
969153040
919707693
352393280
662341802
882973307
545276600
816987844
863670558
630080978
294957754
873891716
484242016
579099567
411550758
852863804
390079766
814085202
731109057
739630066
796471227
435200060
553252087
848226554
731623371
565840117
856923543
892802926
293849982
454051945
523260949
453742347
494552082
967131329
638933193
557336873
284655727
940415869
840019441
427342955
149872481
303918898
774927452
765972675
808837348
237519725
102451171
794389849
114156775
641018666
318749076
875216943
548050499
245192311
924886527
171891833
844317001
779992521
874265520
849594232
357346006
200753925
124052013
192812586
199421401
945065615
227854864
973696770
564772006
512433484
234876952
803547732
834080267
859321256
422201300
417865675
140262636
105806959
897529902
802327229
466383967
431888189
343139455
963559621
925471902
210621339
221854861
382771895
475467795
874436403
913355743
736578140
954260112
236138753
274958698
508281710
250301049
107681179
835517486
771679667
623974739
952985565
711426155
156881971
363192723
667983544
147015005
159734117
703263015
721808246
725537444
567615819
152817417
269857808
267703839
967923944
655226907
340790438
156829722
204238899
172429778
378946936
364747261
145325020
681749426
535884218
100645103
492074765
974580033
921533933
982369797
709463598
568313832
544866167
823722950
852882638
558449247
639922540
726112894
935169952
787502961
648045187
664204149
232763526
248347227
376395744
486124127
675194341
922010035
642623355
927982528
141443418
866937890
950059892
744017220
626663985
265996520
908609775
118697602
976309193
812248165
978184381
805337680
686326521
118555596
975273891
820429035
374858040
800597403
766860550
275742593
543349238
582500287
702085150
511677985
525294423
217206708
962135663
947340166
358730844
925466201
815836949
629505567
114068308
578084651
231987270
383719330
698251477
307763464
823145768
358329743
363696758
352389450
985461419
836833360
109224442
630689283
608639997
686201383
842232128
692865889
378986341
749727776
274783694
702920222
371177253
162328515
628953739
936350626
246426706
161968390
789943379
634914117
374355166
630419759
993437630
463909365
136426073
712279947
800026054
884102114
729255189
232642159
247943112
335990094
194730943
833607674
293837087
602770177
909185139
324060310
419899866
556300747
590605400
575478248
471884263
394645380
184555788
416141580
393251097
398328927
215169559
737649934
836975460
386174015
864752876
406010367
801256050
624391170
863824608
292672614
516103622
862846791
106600248
265938559
783854274
897723643
692098125
192534372
432555659
566813010
575904030
590241396
983244813
393910873
147321817
851086307
178658369
811938728
541733855
973710527
911508234
935094877
716158720
633404718
352324225
489217155
450195528
614908261
208185569
334629831
113061462
484785458
986131159
663538016
261604097
880211703
369069027
910037136
621417545
569555825
817655827
448475289
766959360
305801262
103391539
890077310
187140235
277636724
467122029
756920951
115204090
736257827
304735457
272146808
271455777
879208263
705823344
265690687
604983319
929805904
886079231
372947943
991446444
752050568
337616196
843402204
669361412
212854748
394334924
565239359
898785080
231109421
891647503
377623857
504274882
476924091
590848283
940574375
855200874
352054657
858110039
232448030
413847611
827604938
366763947
764998220
323526221
676375101
848731715
207057702
850797096
179568255
746528394
712888938
921694207
536054046
707975996
255274286
450310654
112717700
560402300
524835915
961384221
230044588
897298972
400214913
730983935
724672194
933761805
911709793
970540175
336885629
397437610
270219642
200596625
500696791
990189186
406392324
973248479
497040888
888482351
699644379
971661912
964285989
709506919
695788555
439122107
652450832
721521579
813683813
465135122
481270718
608759947
259749768
690175218
747523557
942200659
806910279
867451927
946823910
267038197
156714768
646593933
726727435
170414947
387960103
614708040
674480425
702701517
366644320
446711606
993573860
330949523
899836659
789435309
574194369
793617263
822497687
814504101
483293027
503934479
354584894
528207323
459315897
989740599
505670441
660462736
874386872
253413722
968771235
653447990
454702073
524559951
896146541
187184971
741921777
782048280
330582123
841471942
113538178
427961520
593581419
641245712
149986893
737305570
406621836
518175399
137861935
235566125
103956077
486324896
712264412
607375135
724232912
708946629
758619778
299040004
109993383
903793750
967693004
569202697
434264810
234497279
189110353
833683919
632988710
743996277
204726948
228917065
280741120
372857904
256711385
460230206
911986619
122038071
782911110
303537730
618730564
408267845
121219345
671196902
316212930
847937261
700100213
428274518
488044964
357006096
128468505
276539287
360349850
772670973
507095224
772711131
456484938
286288607
871667954
571306898
115979350
305960533
211930624
288418602
148432637
734638682
442201271
356120947
101026519
932710309
578048001
645677410
979863597
850946671
254122850
655587206
904443798
298182891
767473644
301223033
978714401
334057049
448894947
584011812
414081681
788488493
648581651
205019277
962531035
869089090
799783965
496004937
552673653
676003284
612668711
850535309
566507501
579754127
674547246
188820826
112099039
456124579
187911029
740600666
239093009
954840557
538702699
340992762
657978739
850340218
203170375
291636975
686873960
456895906
309821676
796319995
710129882
872171076
758470015
269534989
683250383
438689260
669251558
566201189
757478623
468570298
682429620
895322164
839481647
483999444
405236039
829219335
833031448
452815008
593893970
117677354
412789951
497475325
459225274
914209204
107872822
815352722
621190602
155812582
672785302
881811138
516924697
414869757
670816255
470447410
150603194
132806210
166249934
215846685
682159273
119736284
681319955
944053574
397251602
119988738
586123354
958666376
931389098
241923472
186842061
904514709
548878002
909501972
695816388
244163768
864689904
204767713
801881199
156596128
184463335
789517824
670513725
427743985
963667799
490390557
636261201
577769651
184587557
579549832
931566916
294265976
262883426
503874616
312308343
537779129
339992183
384916538
132575335
787781883
430536727
393911599
939125194
516931433
606995643
830463592
578353647
766426966
927872971
329126180
931930756
324444716
601613144
886068122
765062361
368748125
283327678
173925320
608122778
958921454
587147214
189743401
116636182
454213735
970544529
368250352
845296039
867028408
670224167
294100399
538131078
234357844
241814199
182903940
349062910
341151804
442247760
217029982
747021312
918486793
122258520
802803091
631707972
358453199
727360409
253118412
726625507
470331115
763765787
291638748
100124050
440912388
847764450
285268233
334196116
421311843
222025069
964294472
435901254
641033819
622726194
975635881
503482579
687660564
614142624
876642184
887405440
572296701
201946543
790296399
205803797
217043451
545202775
822808044
354290214
930873900
735093711
417591637
938855956
539968794
368755677
886581844
225407114
953301942
511536159
570198074
287018633
240096689
646506941
560762575
956492305
643345555
775901385
173756887
407386954
720897507
398981415
486771303
429980156
667153275
348712293
337734655
596313386
405179949
938104879
550983632
699106995
273246131
554594501
899421715
892419879
183796564
449394868
672211506
301097547
573673845
596266663
120741322
280989043
628967681
100038504
382799211
839452159
524413235
381544677
123729226
809692694
460102366
865783843
130742058
523739074
891412571
783505895
923880103
819531057
336363543
616203513
360951822
485159603
992816586
593195086
287568592
301002953
370594889
487574231
624898483
977951702
541149786
821692110
182797129
246661990
820887031
274313109
405978056
850162261
116830506
406833966
233234579
521455385
746083615
659901390
578288702
903270023
989599558
780234230
379776496
285875545
318803881
829037633
278089619
302254459
385041653
102311344
114072248
306500084
815199502
185431780
666824856
175838351
951776176
801693621
210612205
591081965
764634635
252292108
302723979
142045328
331920705
253478737
140463448
866903045
542344105
450537577
186166933
681397802
628076977
738628960
999345306
209236944
346952942
889760340
336756886
648913617
214135866
240905935
603571970
461294909
890621610
929263042
581596309
373436237
735181667
673664453
462113141
105693860
261710617
707420916
843847087
764155824
950354444
158653251
723345673
906773213
292769958
371874095
503140902
823027808
210965963
374194932
190121290
881999791
519381878
815988954
790403210
770287056
649006223
801555248
206027699
899079265
695131580
431018115
658523666
747458643
283128235
188102565
753984702
287386492
585021711
403731565
905329507
282952489
339931314
358042335
840717778
692689980
588486092
869882144
504414385
985250177
236320590
255588600
303350324
751921888
547612658
963551231
826655910
973411569
507463393
614687320
779866193
850306929
939212087
935870788
711703880
908397760
447475198
717477396
373435247
184278630
410846432
361151179
524491350
355644349
170939190
546241580
904766628
459674457
851635064
505202881
904649241
255366373
253367842
645409479
559942213
528348176
120827272
307348474
280413803
708623195
144702622
124974489
878798799
898706862
337014078
176737340
190335243
281277358
190946051
545758696
932248345
499747876
415826189
239564279
109447165
234922362
594847523
443940545
643758528
132360785
451216946
437077890
375105750
530311915
467369179
784323437
489281701
144926462
696399664
281687453
700708078
671944492
116502813
288947391
422836813
375361945
493048848
802184457
797016565
923238324
526989740
934614165
129517093
623492114
462340594
355575313
556924694
219852063
403757317
221683211
427891107
513390902
240580790
462701380
794016343
152894386
856188488
844684014
336593945
868248059
160890099
491564630
844769489
818369533
772384492
981282195
188746558
692894981
518534095
445675382
135600469
900329459
808900629
255761315
281689098
129849880
617633705
712925420
752282823
758395217
675858063
687876976
337180815
681238890
591238135
968522553
551432623
731854780
259062865
266266915
466823726
341447417
269639502
912517849
460605809
522499673
876452157
980093177
950794279
939074715
217112473
456761133
672657273
765375070
520530534
197977373
448672064
869749618
892601572
201448904
726203711
588656774
558159658
567068313
577424834
744753697
122279988
182349058
399680536
980547493
615010413
467475744
412901233
241739306
308939014
199481413
656259626
884078628
926291988
743610046
238540001
435297641
423220262
176603010
720612029
599092663
609541986
850602507
828277731
554920167
329249441
312860014
431412865
735690879
667650272
325334090
651932339
864109370
824486383
863428829
765981260
197190419
115512236
376947345
170770262
696657875
687980910
695544247
247876868
732296701
536724705
365277061
410345652
784651652
708246503
950756534
992977613
537783995
941955185
350880540
842057647
991236925
461478793
710460527
568781193
607217076
997737932
995873027
494538632
545790281
910801412
123054168
984062498
487625093
669503892
345043979
615669796
873239436
326292510
102951122
519209631
166459167
493474839
536741008
370526009
629831719
709465213
322927258
361308776
561297520
174252405
491577446
402069265
873422072
680248865
205569665
219968581
690818141
680921844
566910661
413936822
459616631
157434464
996276222
684322292
321442504
558188358
591357874
251344427
183495560
986843330
139799684
855310021
264372851
250690817
801497687
398619107
126679479
997060052
560594308
825780868
627551324
630010443
613405596
240759979
451598822
150856891
140307534
567908684
254237117
923322207
829591409
930798840
438695897
478691062
594458930
392202111
436059872
442058818
794400257
716045178
397524275
347601072
194525588
836898290
919246294
555744710
594034667
324182699
806827216
884951842
206573889
275488864
986623840
280887819
793499992
641449785
390700652
299868712
192095327
296617643
697820449
597126841
945790679
387940720
134636033
190182524
758504110
787791273
606866044
889720442
363253778
259608263
438400714
864797441
959587800
930948150
605750844
836121502
481227621
511900873
724012050
816578168
278774673
497929681
480925580
401943573
804942698
822834171
414855549
539390211
830910827
557962999
337150538
632850236
925046688
307474990
900204757
139478301
366155509
929376399
609941109
252973863
870136982
490664814
802472777
851614440
904421529
282807840
402376051
356704066
385490610
203628590
972064848
259784441
726208146
966498377
774158176
617126967
597432232
574822355
556675607
950372236
362554097
449924760
289171081
337694643
245415179
944459346
985049834
488988007
688219979
486607743
787223750
751114415
784643581
110162512
422042984
840156441
379275943
964346037
309157037
689693452
870772077
144483807
868052016
962887058
146399359
702843880
363811566
396185536
187037161
826492841
140032733
194812969
380517783
764084971
792654036
474349388
772306067
900724217
432232828
237769576
515871961
310224585
292978311
448216249
388679594
775510252
712357857
180807614
680774021
550131123
850606609
805421715
750327309
208565094
399512064
974116070
120617550
393603092
950216229
255236723
146458051
896212346
394380361
831415737
625782673
671831304
410150302
458074462
248328140
365194845
456361432
916240442
341859032
285109075
157589048
496655293
121423060
407815686
199394599
820944497
967601890
714970934
424775371
247029106
224062336
717435631
918734688
734459120
710994767
487721348
207143359
528824599
343010551
206928513
305867945
551059881
543546548
392710450
446717455
773938776
318904533
559374450
173502191
305542553
228181157
590951830
375469006
286844607
384757838
683511540
201157688
769664557
291177073
197997384
705890562
900930111
195634859
840006338
110268680
426233909
926600567
245122348
414419608
572619587
711398174
977719621
161406278
896052768
363984693
353464647
224248538
661229196
339998481
341878827
783650314
854597713
899097449
450931894
500416188
283312645
766647105
270143923
236737512
671630766
716011090
346416892
823465357
926492259
625350787
937365771
194005756
570303549
261034976
160020200
873751406
573045691
762002669
443834619
291722151
521703949
478017344
215500904
332633792
355037097
656395322
130826043
526533827
625830601
976541049
451825019
844238493
344575992
891319471
817232054
226052245
301861754
129575906
869696888
757735806
137249168
459198361
866325793
802081613
996250446
834948092
581093223
387777861
775134279
427399898
478080808
384101522
253690994
931734652
503180548
520983840
626580963
303139027
801939899
574352199
200112205
589803282
513710204
342982647
491726415
350175799
430215949
432605719
700372717
201423419
745679420
686267634
959635411
910336873
909823326
861405401
272539792
838026950
448869493
484499579
104073033
286669053
269524069
343978153
972281919
683907698
505546602
534619063
407119430
950519397
954200153
198768618
425731101
600218738
164286410
807607868
516291819
589647565
991862417
319279377
872465229
299443449
816016278
800667629
352210210
253200852
852409115
932786337
322006136
981872269
104298957
809345983
239703686
191393563
700307637
358456824
971608956
793893117
985895727
697053037
887349697
290705462
390638036
644241263
242696791
160108476
562855305
208572667
880879952
342596946
502750945
339045789
983892573
489247376
234971198
701205525
673034437
416972161
266869982
322323001
963759910
795046691
786085399
762205413
265200054
388957884
217492795
587592119
460719365
663867126
874879453
794347349
262033659
777425273
876882613
625734838
333466458
779390101
488625723
685116678
608068275
367531244
615387545
288880484
130803871
868699074
449626144
741665713
304140025
284249886
164572635
173673198
722177295
982187862
702290994
755550108
655366569
921403572
635643133
291924128
828684627
921736780
575787884
328847850
512661445
427059077
906039364
359687641
424919190
691497665
931319224
337239601
238087800
913023310
315801681
464291677
904427224
359121038
807409017
132052090
624219527
625221321
622852105
406493607
203700613
894394895
112889092
545495467
565170386
259022321
583413049
898417857
935110333
774576617
523842741
851233912
775368076
245585451
497081636
430439443
333632548
186746652
214168952
635409610
507357303
697780512
268318212
637206154
613657595
283771973
905811243
861480177
508537851
993341053
664832628
757368577
208275288
709359157
510196401
595504140
478452038
977316885
796872598
620604878
587188318
628164871
193366910
848194528
507577685
382485752
559041522
866533494
446827851
664979161
879915552
888067566
406329782
130021128
670202814
926540703
507175073
792400801
556831640
973678847
251262091
450266302
128480292
959102776
297020454
179011427
360394683
346292909
849489739
174653232
454692968
425084231
853619189
275606891
531325092
734673621
634577959
516600838
189079239
265129972
715288127
854166973
279540246
216718235
371781415
145199612
