75345754857
36021599867
50775918195
79920202309
63631091430
29426784666
92799603257
11026524500
28161312732
11810460157
31005134920
35688457965
66223016407
47517984128
34012943084
65548329613
48648720816
93833642663
32078537400
72795989082
19894275526
50407309000
10283023845
24028825057
87106312425
40396732424
54678134460
34887188857
79388128107
78266312828
34761113121
45219551758
73971709056
16711922221
15861355841
40732612043
15327501825
68472718770
27642646627
53689963067
22588606236
79528235311
69685938613
72073790841
17967127284
74921500882
29274943932
38754188739
13966525766
88568290368
11233939503
17642832379
33646717895
77808750770
69937184685
59231624325
12264609372
12355404406
71333415963
84802559586
44321804059
78566597174
46995728044
79262192722
79495997583
56279550397
96195804251
13543696467
40354575121
88689212717
17576705400
74385950970
65980577814
82575924995
38346379845
85969046322
64169863573
36641536323
69657249371
93265594708
55478489690
75420234618
67280107115
95512689801
93915129833
98513426291
46373896922
82357747436
50274586086
81131101902
13834406538
92647325852
53096219179
10085347147
42569946490
17022106511
70683905458
95350577504
20751693812
61970749326
31679148371
16737604538
97935472219
53436820945
99335546987
12837991700
59135294349
12854872053
14170885382
78835828908
18615697619
46391590594
56169737940
22943362367
58664207515
60023680279
17821734640
26787544613
77225862904
57095124600
94658472407
36956132744
58556604108
48708939350
76564253160
12406024479
45993364796
76566455496
50918367155
36187360347
16584220367
69795147299
14211320117
13103005881
86820949833
32521443923
72246286538
62660833747
55436119886
99338836860
86070018852
47969313647
97359280791
89597003628
32336192959
24388421221
60334032393
70536264064
46726857867
27434203284
11887587669
82272282445
44330839611
39406690195
39972016034
99807985342
77196192079
43514611669
55302279252
30942509113
50657358159
84347202133
17735279359
13200518425
26733481149
24401849270
29117800651
67529249332
15843515026
94026525361
86864404745
42871828805
74789845420
30394734543
12847623376
86366314313
91131102461
33322820645
60590037556
28133301414
57423591693
94368857097
75289175542
70679945981
10822657450
56193453713
29363252816
34197636923
20827029921
97635523572
96830411929
99834709100
36607649683
69906612546
39743418997
11699170436
76149374202
41961933185
80356882043
15689505636
89158507941
52160652723
47214136453
44131499154
38916281200
67940135572
86063309620
89868973783
25948758410
39543229360
97535018874
67289108649
59651218671
54461021547
94841867588
99841233858
77831156153
50058292295
76519973592
28059770092
57495340069
54184927575
72866020968
80504220580
95033547878
51977939601
36948214498
78107840120
87598485220
48244851300
10188816704
75755461375
62959552759
77649987275
54389325575
78954717660
85025784337
32215514727
72963040831
33637271538
48372555247
99999513244
49077226466
42417193507
36755084823
68496915539
11725307154
43876883461
19902840533
29931545288
61168266274
95518878196
91525841119
21918109019
13828699089
46096672716
87280939588
84474055532
76840144087
32337294313
77368245820
70307279213
64205985124
24096981847
66439978300
12876423822
48048715283
24947944665
47883999941
78241905928
72648742626
21963120684
71817026015
52746903392
80030067119
29107849491
53101394260
76866937174
10947022355
13364118236
80947536272
42712376576
20352823730
46368348566
90785470287
33336693444
44703757971
94017146405
51928773277
45124457536
31553344298
21516639157
88139287205
67592797517
40696126457
77178625312
12319218801
74858515084
48421757709
13721154093
51194991774
77800721265
47401294736
92316686633
36969652251
51923828426
37670487666
62457137262
29841107598
10378875165
10589480125
96006882415
11218639376
63391441360
91423207314
60742151767
75800651637
67322944898
25433063161
36917644199
57182975909
79471061792
93835331712
51360713470
87441679547
32326363599
54268750515
68770638368
37343517173
71206988019
20265795437
31478457489
73101830449
98981561027
95346940520
57992920614
90892356078
31086999298
44898832950
51151050494
85392193506
20977860925
70464957176
84325750276
18192376545
73027464758
28431040610
29461464235
32355346181
13984632991
26100117575
86669428827
33934964630
66789860315
36799854256
27551679065
86430017391
29042156813
16068359385
57377468421
32534503899
53347400534
10009858928
62905550631
43285792659
65200593600
30462682455
22162058282
82870908744
34143901775
17624182204
75176081830
41503217322
14820818913
67533913909
71722336296
74027271512
39019554345
69386719327
99244745312
89194120654
43959485688
91529757547
14623837609
22127346051
56217982732
54533596075
31271848654
73985810218
27998653094
86859409329
85366277705
19214505542
46189029372
47633999777
53714082102
73589227370
40255846085
76346480390
48415987353
26633889576
25568559644
99085196619
92497159009
36991969023
32276996077
77313599462
65524226920
56696345112
34458248872
97030976605
84235014764
18957519927
86352781863
49263382572
20848748730
16186030776
39058390918
32149011287
87026577757
63207735034
91025654085
26045573716
19865035176
87933890723
77640359084
59841390898
15252778803
66813170167
53819742594
31132099756
16484958167
91425918798
32710913466
48420896066
21797724667
91590675900
81828124249
17797696301
99124608701
69411931411
19442023668
39030830265
46186173739
76989289095
70803157725
85771058510
46458127638
36070553859
46942751593
41304057909
49392569758
70525888655
39277628663
96206754063
50843919435
59060450429
25823527087
12188368875
34574698543
77952280898
97276324221
14899697646
32636899766
97398640423
85068599667
49712571628
52951382713
27775617370
84525814451
33175455668
94850450168
18612025356
80207343641
46751940341
54110848637
43150320273
50378204081
68709160621
68015314034
79024251311
91254330893
30601307201
50683408891
43592964888
54564196646
88000769555
15276177047
69907276158
91127914958
85285649475
39837535474
87928769688
76091657900
96766531782
24342740558
95864132371
12309266889
64654966505
96195459268
53778754343
39454540263
11001078640
15907791289
19186821320
61901763787
15568277149
69212772886
43548114729
44905847108
22103344152
21396963931
81981806884
60617390522
27784758742
57990966839
97140053594
55192235924
19620051839
76471874328
77478711805
35130478395
75208391074
64476553818
40886472217
63191541903
88329791404
89068761111
72641613515
11696824763
49012001665
49758117443
79294315032
72262135012
96884182180
31443018609
65919901750
61718846201
14558317712
44711976121
28288161811
57158874807
29402748645
31369427252
48803061035
42325989596
92052309822
19109852202
13773129320
10466363451
13225425554
23720300958
28737721035
25788168017
19304292368
77614572109
95630021156
79082431520
17043166598
51003511504
59298231972
49969091956
44315736255
52137291314
25651094036
66179921672
83516044132
56823229102
72121963522
42286547853
35006761210
64898304114
70109128996
43002478470
34700471453
82161131090
55724667110
85801177560
35321778171
94708520560
74217223268
27639784367
93368092003
84265171005
40963285382
47913242308
47121021324
88812401442
19765035509
48015095943
78284753546
24964973808
12922476483
33035984773
53393303649
84416792845
41325240713
77920548985
46012345870
16340810039
27498382069
13039709622
61002509163
11155062003
22639708702
16546190825
82220548934
24491650508
60820925489
43267363365
25314571383
16552707438
30667742613
99429383041
69391724245
67502061297
92907808739
66105906106
97089402268
72273917099
79285558114
25168031089
41712352549
61674557841
22389098342
51076818639
30031491519
62147965654
82146133830
42576453203
76218690561
24677704246
68427362496
25502445310
85262340607
56634371234
56229509682
64702790397
84992846569
58442232640
87435136799
72520315922
24718815406
22764811898
93025688691
46791511716
26110307135
66820322014
86256027878
23898482296
85786822827
51078720758
25728461368
58461928061
22536399485
13255093657
73789994561
60161037642
66971343939
90158601681
91035162858
38050962320
31370565637
87392161866
31556322488
73790782766
48412555993
53219041702
77029494914
82144727075
38130152751
56550731229
95223829202
23292196226
65811658650
16788343671
86959217731
91937881047
26050830064
48851943301
68704730839
18745577821
91673763496
39874283168
10887379206
57839471577
91526161657
27101583191
94990813002
18054214714
63753982309
66299229989
57802124447
62599696612
34465421380
60128981827
44203077458
64538718124
17869366185
92875280879
84768486109
40720574274
75876182759
44934022729
90547480493
91552124579
25779853468
77678205129
91888117168
46391041175
44624450069
22442487174
57459360411
40566098866
22326071752
89386523901
59222578797
15247431879
46425577299
90697615953
55894743168
62149945403
78240555371
87935543858
56851092957
92683605852
40411222313
12656392100
40366065989
63665524774
49106213054
75626644280
86566073112
75447299795
95859941194
24513472895
26938690157
61249830472
51597252548
79177845002
33565120404
69466438120
27117240382
43250475641
27194866288
73896372653
53186399355
12546430309
93591514376
71398663422
56044368513
26460179877
55479003724
79114542428
82908998945
27500849963
65590643808
57254357530
86592045935
19271923410
76163298707
10289086760
88258025956
89921751139
63848659995
75878997108
93907499864
86381784293
24145844763
95128176596
81869816701
37639652273
15838586820
20876245047
99305449639
42794410502
14246078565
74607205091
90870457771
86907081650
50395436057
95098754631
86804969753
28296492270
55348181817
45080093674
12203724689
87348116167
69343116413
17731559355
49951991588
53274702553
75837360639
71501337886
77504101967
58879332394
25434765101
44897595865
96220179220
68577882891
93052790126
19094683364
65841729823
22067589485
86826224926
19391992048
21112231394
59334562077
83654206307
26834954012
75702395864
37073145405
88439454788
76570935704
14532205694
43469718417
74266987609
12748967880
67728503947
86309818345
87613219096
38326199364
20243012872
93535037457
33820382831
75257562365
92189047965
18372917014
71303285725
28587995872
65211015567
32350066225
15266532430
45370805294
49618971231
30302414118
69239358648
52838863347
73234210097
48100056107
25515938410
75086449617
24922460708
56979636152
89402591834
63479114219
26205835873
30790412556
97766519286
37949973730
42031795958
92897757116
12753265783
48864057439
71531041788
86387633521
49854922747
87587817128
79819773878
29602256163
44530574090
79370105881
41591608669
45688670898
17628109611
71462987187
69492819753
45969104937
82904800698
33115899599
28979215508
99685001135
67276908207
10605531333
97370228325
30164751612
24543069584
70266601533
51535210622
34031096144
63920240375
15863916587
66225440274
12839230782
90524574402
95274909916
37611034919
34110473942
79906160317
21088180232
59311380358
61810035533
79135345308
22732730379
20925760050
32852828264
75727932652
68632869321
36630479446
57614138272
46103471455
70956816751
18819586661
61930886070
74764060510
73282374219
40025064011
84931052713
65126678935
95533267263
89885254545
56528012394
20760033950
69353382040
80166045202
13250584293
89550195774
15980620716
39998638309
19386581000
99442223056
29755725978
62774788318
19869318336
57160795860
19819009217
11229530064
22438305437
53713662535
23776840399
22203517315
65692331973
93060819011
11102397991
66007143513
55469643391
38211322480
39538392775
41417446871
15857792565
56361914415
17354210430
69506288215
54603185648
37144291344
74647286364
31312000757
36306329331
74200011501
67838519011
64335946582
61250860432
53567448326
41960912904
25610209278
36699336345
57684732337
92991378643
37246505930
52303094451
73483682537
96540652534
28821365014
69357466136
47362491787
77020751493
59256545445
84958666216
87176445017
57304981042
28428143757
93406845988
23530977881
19652089884
97323890762
70091508793
63877396892
89417181278
75362007392
28723494430
95684841667
67328965256
83776556069
80166171368
38237505141
85799239006
58947370236
97880179919
83236919172
22560604768
68637396641
41317316888
96842174786
55577842824
45989393906
79800445122
35501917593
63709153050
47117630387
95232386233
11430210676
61248857125
31403005870
51643313726
96865514258
25695002664
88620456825
69735642943
78341969311
75062995920
29947585041
25101957390
27427855355
40285688172
84964576455
14327577875
25810785999
27750129483
62778211408
20263002324
29264243361
99813142707
70349142620
28719042966
80755630205
38485203779
99912740045
46402380467
37319837822
77517357130
94651690205
61402502113
28075609246
87722187941
83356192877
64793897804
29185639808
47947799489
75971884566
81803624398
71730348377
36875972554
93525131406
11892391097
96858989644
46822490955
18371903333
68316509880
41481945784
81429070777
49288901844
35764867313
72771825554
36623429527
51156809832
33104826954
17457417863
13429082689
48180104089
29396044806
17085276144
75598393404
46157050985
48677939465
80140123353
91651648525
42293866615
48995552053
91900638699
68386343523
93676368426
66598126511
89401737642
52599410494
97027556903
69929140438
81899451264
27278981345
30254700703
51498338053
96191087577
39806210786
40712764164
35550824149
32846122639
46218414441
54561472341
25784788363
30821717374
97631921552
46334217605
77182391349
37866753500
69383630810
55544877832
60322227577
49961963925
42732939530
94910607617
38577346876
21580374817
65417123925
90770341505
69128630679
38737722147
27015255404
65087186583
36810299440
20152602605
94124792538
61432842912
29660641976
60660937747
34131526825
72723441982
60371320396
86900564053
80528985264
70655206145
80945701274
18817965857
41914115350
54493348634
33655693821
66296926563
56565248013
28114817037
63866697432
12112750787
49773952934
68405255446
51782661367
42057118579
49090525978
39729130152
12301991335
89044762027
21969361711
43111241100
62482269061
42729602507
91606332927
94672242683
61370238950
37986048947
69202480710
25009197296
56417168393
50681895525
86696159176
85646794023
62892865264
34319744571
34427455675
23172551523
15372957220
82953615984
72010145959
90658524357
73139644513
17771240647
55730843517
43797848586
93579199279
27137169479
53994353909
75906935647
90373619666
55746575394
98104808412
98656359480
96863501438
78709148895
17343926475
23301251817
93650632106
59672083287
12813824359
30745940494
72526163110
70614048084
80371547050
23572115095
99975718357
38737307810
66453417674
36113380481
89330589443
47326100961
11734274056
53661217012
53878726722
24972650745
59489264442
55375753705
85478530188
27055923030
22479948654
45266021596
27257672709
14089372624
93385189819
35969117566
90740773135
12923221326
15920507599
80855475259
80616038481
93521752207
55795048875
19506059199
10149834881
97776674024
71642340874
35730422634
77544622999
88541176808
22076115922
79410730213
96331724001
86267839378
52700904993
98361910110
46307190856
54904987841
22763090255
98207869026
42905444680
27362884192
60562736679
63364194850
21549028416
62673647235
30188927878
56763232101
47173434650
83676376691
61105181654
85613556265
95485286598
53522824305
57258428919
45553949828
71701354544
14189176857
32156172169
46683430605
95184285004
89649644445
95741737072
49672368128
79143667924
52531915829
29292255836
37739900034
75215108927
61678014263
83546785494
80579236156
33139016583
27704309237
35293454127
98225950155
68650578603
64786939325
35328240104
56978967596
41249446334
56659152464
61776867811
66969141102
99097642853
75159230618
91397013053
26663225149
94703015541
56955393552
39474004733
80415260061
53425908569
93178680643
11559701897
70581539687
39309484180
65041663457
33630465469
41828871866
96896979229
25531670530
30026973394
11513594940
25260741865
76558542734
95741599649
40377250805
38658217996
16707383259
21268591218
53263847084
13004974009
20116402478
52700350167
24526178394
70069199343
80314347321
56511596195
34810328921
17554803615
57671666843
31459227151
30895065041
61664127993
12658434016
85115935033
46695005802
83267190576
69788068561
90795210322
45038035295
75443065827
96693947619
83757718493
92559377340
84390489551
71689366674
73484775117
81212160711
63728041247
16519359535
23999671783
88979896554
51183827517
91990387819
15672434766
21306987343
17923098368
79035455452
92411663668
78430006901
50757342019
87901573282
46949509302
81366504500
77484824472
11020229205
98078324226
82615364521
37671146709
18953246540
77831331041
47352833092
11665910194
30334797007
88634625412
53154577248
57845255718
99067708714
74244900144
78714849015
29295994576
62277481943
61475479258
97707304448
96531861124
24159480671
31206593394
47242283219
34992549956
30133553394
49767936664
52473083126
53502997716
91481459851
22029819293
31316070683
34615401211
24190951634
76501176356
52695479558
68607935032
39977601497
96298505902
86824950638
92930683797
64613647216
38856502156
52046789118
74652512906
43756119969
79548264784
43611649971
49150873240
60289904949
54719775521
31679574153
87795019444
96392035518
35266887752
34427147816
47273971708
65909171762
15693745217
22946497175
60514083215
89224915301
29211307643
64521690868
44211935058
53693935196
64076686930
25609329864
77626695670
19746616187
20303789905
40085840847
28519732954
14403727731
77670033754
39774051388
58943262166
20190368491
68748837851
67726050120
13896450542
62235242913
94058280094
82890655719
57643228349
68143011830
95447178584
12409525530
89770686900
40680375434
60657185068
87562305555
74418984839
25903313227
26244660751
41684316261
24260400693
64619545390
22972791862
65022584655
65548182525
92958856917
13046525462
17023027513
47904497266
70984572181
55645318149
17251258198
72994240755
73835425624
93436607414
72052748438
18385780049
94016156390
44983203431
84062679451
42271076655
33595096802
68980116175
59873013276
48223634573
87195146083
99158792742
79074016476
19627307635
83664248466
44383952739
70003698490
10635597656
69539607978
84588182499
63499653581
79965149441
76193846865
58022021387
47420111607
43705510316
66519362299
99139498820
72693558977
14243802370
74941813331
91432302764
45758173298
83605460924
21588621671
46995514541
40445924264
45947962004
84884555081
33574785198
73421033398
97002851466
74109087462
77740680528
27828808898
88264831890
92412707891
52477327336
53799565533
10648213249
11411041863
95818407222
18141044563
11756260096
13078056339
28039215917
37145456693
40089331775
89854168463
85848056115
22296432946
58012196794
74411887431
54188002706
27932144289
75153839003
99840596625
36714109284
48236965304
39179473054
11502327873
96585892744
11241228115
48473095736
11975393832
49495651654
37293768078
27754315661
41947331664
33133913174
62208400987
51273904268
37690287801
94929163109
43612299486
61774072837
70219743066
48063637968
96474801306
69373857334
87160772256
24213690292
91461330054
54038793589
38357843629
78126486726
75120418058
99667043217
91059352855
29379824916
47677895838
61280491624
22433874327
21547847675
82478291843
34568026273
24361061122
32558481113
25437540102
14698729942
26193010869
47139780607
65267420913
25306577315
36598011431
40617612915
96271201068
69159476779
36096188236
42560988232
53264002982
61958717228
92814931295
30999733364
71517879209
63736751668
66353806082
50744370376
30728885013
66233488450
46988781364
39173276874
46348235611
95517524253
77362328266
44787365419
43866486912
24026048059
21218619879
52414584986
81404344259
78105891498
32219375715
96956250807
82035475673
25957310639
44482764566
39800395522
55853066156
39013764809
92152451631
78643085305
25027764952
99491625126
79325165095
47123758224
14265017584
42657983066
88531742322
63380311654
14665933521
86792582410
63045433483
33226838206
95973041255
98314242635
69670213011
66505446046
76265492174
42168647275
25759064175
23793806155
44387629317
81777543698
74873608743
95369594714
67285539841
67169853192
91178795996
94006220401
71274625018
24890895900
82710643624
92569761235
26701579482
98144732718
87009025222
68943898101
50833577718
58980870144
44916716895
52534869409
23248392348
58784827506
27630462356
96276370576
94031364568
76318979355
19059495116
57438716748
68421794066
99651747919
37147297116
67170929220
64826912901
65469942896
59080593739
10746546579
73849208905
99030153846
92135922395
34884160724
72216370638
17137688325
40699466035
20257857373
15960450922
59003703270
19988937034
38082044612
85826789592
75688102364
73649034329
98830021254
74795344561
23350184707
14728973869
25616249901
68499573127
41640064353
56520768004
63533439237
31233757707
91843849697
38315587425
11942603305
43565534487
12473893672
68434985691
85686855386
18914228049
24357856979
51104777746
50113187827
54749124255
60230466571
63942832547
65140902265
21080830426
21201736102
52084372145
72999204376
79071784876
83160972479
87526475154
59864958276
80475886267
33047757239
86811407025
13003823491
92377121426
25921705707
26352317770
85130036413
22039670406
91299454897
77122900586
30203561467
91021513461
99672971964
28957108717
40211269646
91606288848
81606096000
74570593822
54125007704
47213415950
43847094162
90755710254
89943555284
12760818110
98857315694
33778601378
18349804374
21076529732
69470556470
21033656109
45953165178
94732923583
33860436725
81996587483
84507215811
59805807638
17335398821
59661953890
39578472823
48049763076
17849015898
15166237140
85871622318
55167563000
56928555605
59583686890
69721051745
37433930626
51415559410
28202085158
49547296229
80113716496
79731916639
89848863181
22064540540
26849424581
30367712037
21788721861
44467500958
59411578876
72240337926
21241589317
71228068183
73352626024
83105593154
72768014941
39224165079
83117117939
82748193674
77887691099
99563191122
70157946951
93393403565
32081111656
45508345080
39981692766
11620176014
94473726351
47694930561
46100784526
99197070116
30382299048
79783150053
32009136398
31711206473
16685584287
82454793200
13372475190
91258212374
78922930476
51136957413
93878177806
82247922831
74953390787
32850678186
44849748480
52032611947
23742555010
28102273092
59285970412
99177216986
77089785297
27683948607
60367177975
77354967819
98409669085
75953767107
74792430669
21047266382
61363365139
12930070253
80007738322
80062440772
99182208622
73164909519
33532444405
68828739159
32548227048
25494685293
98428035055
72735614636
71767111807
73525579223
58542403162
51705767300
39041886658
38214800961
51646244841
42656634003
72350223002
28563328381
60656992070
50945068415
33798730233
98218102633
27379070201
99280748352
84694879459
16118938711
79175231622
61804799171
35362687288
94652752670
59733930892
30783040533
55813862578
65565727170
63773784441
10416043582
56661707594
58694482076
70460237816
49608413445
41017599644
66609055933
45133698521
97846340862
73576431401
96662429462
21611059878
83027746519
52119611432
51946509294
42428754354
97834520532
60690385047
16961978506
47034912646
17094113311
92452760084
46433171096
45444324429
64928128001
56661690476
53609709977
49347884357
73619228195
35482228280
60607460525
67186491863
73346916015
87983607234
50180028405
99932563400
93704827826
60653745206
61588219650
53306829767
88427715101
22515304093
90871232695
40194777074
34553859181
58280197103
34327811590
75578877522
85068117629
97666438441
10726487318
12092886311
48728099387
44301113172
58339932525
28480123338
66810055440
97902299364
14633933895
96047889471
98728623898
40310555033
63269842367
65722648377
94217744393
50227764619
94869509612
69837512697
18368658343
64798666870
94823514987
65146489685
59206904102
42800591371
68265591363
41739530222
35503552545
71873862216
95669906313
93792970314
57073769715
26671178053
48023080558
38803795490
38595002186
29936941591
24676023659
96458646552
46622184947
26313876944
96234292808
40253614985
65791483573
24808297990
96027927657
91110179097
79952901652
48294771126
97619453888
58948081619
90896135187
43619937899
36172969098
56437999946
63875383599
11965298804
34230509314
83007481131
39408027924
89887279692
86552407011
39881003021
63580306089
13370729191
66221052610
69552112779
65737106145
34276651760
34585479186
78319189592
16917937235
49407616613
54986017728
15079246422
44999289674
64026907642
30652637207
18006828629
92103847686
53131220359
72876997905
10472313602
67565205275
82361001114
62745334016
54000298820
18882864432
12399873448
22888585566
18051816406
94145341245
49479720141
92571492301
73704321267
35780906578
68327653910
43800858656
25046292770
32335100279
35767929979
32002608317
41362632801
36990826718
82097380156
84314030278
64951771360
76370423963
61725194646
82952263316
34928055426
17469820131
11365704261
17195402224
15188411729
24910040236
41488358705
75535786191
20711626201
95739660424
54135233107
38138545662
50894251067
45573791737
17445441777
29480714637
19153293010
21175128374
10134714899
43229909195
68462334063
23530224416
60187966668
80262236357
31833916398
70856612210
41771728475
68633773912
50423194015
79662182499
58344875637
72975911961
16611495726
64046106086
39546677263
79122626481
51059559312
61368721238
23105765940
16113405279
63889489596
72764148920
32572394306
66422011843
52617170462
94200880310
19194270518
48207870574
38404437353
63047757852
81533978666
96047174851
93644415497
26550876696
30653780109
50485853711
47248539213
42259914988
23418948184
72365713342
81625063031
50138530082
97942882780
11533140911
99640774933
76213827842
40871151363
81488109042
38498179012
12269027757
20342530530
52695261719
54521675449
49512910712
55785741511
61064126430
43948304652
96732712144
56942026827
18618620119
15091685220
30981746271
28863276172
18224829207
43537409786
49685415262
94896069556
84096742050
44839178750
60242618220
25191772079
91081749098
92006290649
93574031082
72852323750
67390521685
12170217778
46019414871
71474910676
10280100301
24138253567
23898544822
78624917997
39408495630
54030593799
60481095068
45623212734
75965808688
40780158064
23643718024
72781127930
74734187585
40871710579
99177714033
74075818497
65953044178
55873471640
27654081344
83568011375
97160149902
46719289750
16731049077
21334509720
48416510186
56668471631
85590333454
14573711426
12325315462
58287670397
54676801246
31206614138
44046828167
64067680479
18952728779
94578709864
45009322318
23914617640
45408623285
94928431877
20026519256
66046877378
18327232828
68403566358
37610205584
27962905228
51394625496
55559483970
48811097746
66121822547
50921423610
72853408590
20283035930
12516359861
45700825184
37635148473
52607207886
97269956854
38377669139
29483151697
25579533175
73130569553
15725292635
42857367812
76349904956
97745245936
37650454878
48240919872
82120292113
79495105707
13912440070
24055627301
64828374225
22957056085
72380596563
81935739623
26151784755
71242220398
34086851081
74688025932
37928296273
65149348063
75560326455
26240769903
90567641590
74243286274
28156115785
42270158670
43672016193
43299046088
53367092697
29770133267
96501822174
64991766780
24180833931
88264636162
66980950095
68499324499
68437776879
20656039545
98280091765
51618042210
21748430277
39356650367
49459051183
12536039783
92632812326
83081838199
46396641239
25557194331
20196136449
77542386345
89471754494
37397938144
19524724877
43114801951
43926341931
55640635355
87950976982
89313453279
71957231492
34261491340
83682558528
16636631558
15426839968
16492784326
94114179145
46529537327
36679519622
77381178055
26947722174
46913340094
80331810246
31802678338
17488331098
38657073731
82154263363
63821562626
99240252530
77104408854
16306331109
66312960970
57942400596
35318340829
31749806223
66423519804
74628291689
27001193841
47380125797
81812652507
35140524219
18433156961
15489329134
19639701404
38883775370
22627084171
86806093506
85035966503
51167334815
21853531931
42959602631
25116045607
55338609203
49899368743
60525570230
70011562023
66341682468
35898005609
48053826187
45573710934
80379910578
96137477794
84345367422
32325224123
99606500472
30857198999
93428343928
91051198664
87551952998
12011800991
60960705310
72564524039
99818609501
20440776076
51827683454
54795019156
85306035543
24520674084
16499823658
32931643076
90808951032
71052100529
28871797365
70458782433
77742532840
80026878334
50039814288
54554572867
28915646911
53770727631
81840913416
58014447153
25019149749
19604440244
81806150527
96857496808
30548065309
74036507901
55772952652
52759752481
31292516745
58783607413
63010905631
46884447549
91701860604
57913276090
23330000154
22138801923
95123252780
79350093693
88897593380
72580265607
21131879634
24648938166
64334096061
50651571279
73704843655
32238195873
41214503028
58404651685
63955742245
89009557218
89377277229
42089634318
22104540914
95016589331
15267697531
10906109380
17879887334
50605405893
73889174916
89508777260
93033820925
95877408872
14910916992
21076880435
64400592794
19882326755
22453261399
87110235439
51280305276
95609331899
19966760054
60735834944
74979461153
52742521512
61527761302
11869397190
66574528100
14860735484
53024923734
48866884912
82805877251
32045570085
33434355522
10369479235
86585914976
27143671877
81356238719
89131616276
33555778491
64734728482
70590688364
17457771311
68598306720
32387817341
41851029488
70253301173
44408212246
59107990407
76078860773
69503516680
81495587571
49214975016
25012912757
68980027265
94486947237
18211515410
47733173304
87978487926
98084287211
47399328507
24586595170
77919211873
91716401295
75288692134
56478738287
69105278245
45754820754
69998196807
52344527705
30893542823
71285064039
63275043289
60211172157
35183604320
17976730448
89608570510
68353175280
59921004985
51866874402
57760738465
59168129798
72358639192
68075877669
54647903270
99848133866
10460842743
62955459569
61420907937
46411953065
10344258752
71635813280
93046615458
40342823294
61839247482
42205408232
84792881509
13239645419
99226606921
39132244503
51295048275
85205900757
61866528919
25609026587
65600809264
45869127523
57000088026
47948797538
67754469933
31141960339
19701093285
60433565654
28406456835
41970318575
40201595309
67259822480
25292263374
61912281410
84549434333
22838057864
27196381858
97783609536
72774201261
43640328479
63978439937
57969201162
26296598933
53652927995
89436054413
60724702321
75939811158
22619028614
32533160740
46332738766
34056452013
77705041940
36050254055
22383743587
27401469161
23077063635
17612502566
57524660481
92535086884
56428416341
80865145720
76940301443
10187730344
19454525540
90374550889
26706539336
50323134235
20821111059
59992906446
41662951013
11726104341
10354294750
44479151206
34318192159
22081747122
15436754576
14737059931
25565062328
21260423817
90126851277
21064462600
27690921203
48515035814
40187798892
26674014250
73035254001
33132538714
11303436650
11490068909
17437062744
93040309534
83104364831
78326009023
22812715790
12293243690
76240909169
52315458879
16925517460
31818096772
22387389019
23656699787
92397313812
54420534501
67933273560
59007821297
17434433668
89601709687
78337010775
28705726139
79406614398
49676454161
30352929856
56917954690
25828530971
20769252483
51462593800
61883487235
11971832134
27743665421
25635135212
22659019325
38717114319
37626112004
69728562190
33191469200
45649316474
83887366837
82444086007
71533282929
13255598074
97290060765
14328636615
47831453562
73173849370
55909227845
57173586295
66282756284
98348319842
46966909139
41728185057
54299083407
40030425042
64481336694
74922815154
32620143873
83478298756
29423103025
72197940343
82949782366
60987701248
26448510891
23025883385
94417102626
89538227129
99646648056
20231736854
82191678130
44830895645
11539215870
43205552828
58518537886
62776844593
14195195643
25818014794
39751720994
77002582860
97105851951
10618886375
32943140934
53780013877
23440758626
38965365014
69239318422
80358500397
34599119396
37423028858
84036850681
22574566630
91441150992
12812979087
35345758229
37507163048
71818376431
65453113490
49715398758
19683121363
80430903333
75090437243
81278009010
18436067252
13305575283
72995482597
37633012766
26119495816
88614561594
51391877423
11842976606
85084849143
95421176750
51915395121
71356795429
38205724593
35446329718
51788266319
74541388763
58798260432
91742230608
26557227092
14830235159
60534390975
44447895006
96398068330
46663955938
96124533345
17746293379
34856077868
31964042641
54624340850
27756924386
51560109521
38222661957
13018356578
35320199964
32677515863
44950025469
40026433141
80675276357
15956660769
45350104254
85692145915
76159921141
32567360843
11504585045
42436064299
53545112525
90378735272
47867817066
41224426555
71701554370
60168166996
25409534475
88521465673
94254901209
65152383611
49157260540
31101631577
30054329907
19824132335
66868690073
81405857387
29939108820
11748657463
73525266880
74808452171
52749652984
12418716796
96500428603
55135675410
87176969021
19995549609
42297081062
20246680955
54049533983
67618676421
28306448634
74741546258
18237607658
14306255217
33457566620
47790771715
11273378944
24612219809
88381056138
90519973457
12218407688
87927774294
69416740958
94217484518
16120703773
35420121021
46108312010
11184715080
30911859376
17543741515
93086480519
48386578874
47753568849
33752393664
78586252915
19280075453
41105892896
75839118335
16054693436
64395052768
77821076593
21242473969
15966587678
83440200108
10064235442
44894633517
16911447194
24704103266
86158512284
49431676120
61687038184
48035395156
54192423829
68206372225
11059746791
78140509028
19733417901
63289162155
66955716746
17135436652
68705955272
40338492159
94507134690
72696392707
86789064993
90423505757
74138669571
39272615979
50388495486
93541831332
43183820071
15668241375
85795958473
64735086320
44683475809
32907192123
38385931489
52628462196
73592423477
21684857252
16754763806
96402034928
40388237954
64895132470
25216471891
82374635801
81544143657
65819040986
96080444237
63409474120
56253231084
69415496706
61439697641
66611356331
95892875376
28649972231
18508750129
79073952103
48726297385
76629321277
31519652558
48656764401
99330133985
94768262093
73834013269
80799894370
58822974932
83045563167
51721321167
87580822066
58838848203
24428704660
65600285535
95406819345
98460061701
46605535196
58730588191
45335773626
76044173958
16510539428
16333722368
27672601303
97375348371
58557507211
85641223445
54436268957
78148608366
55039505652
22165674913
54926113893
14560066007
33247473616
36862430567
92450782451
72253165995
87319243591
93216588714
42717724054
61949361285
72382961070
20051096691
98530530067
72269038432
38688124487
76100594654
92570109997
62910392400
30987446716
25753237468
55996937047
48492601546
38223193021
91487037014
15004945621
72466859160
49156633884
64568776924
85537680640
55927186478
71120071365
20688361654
24622501084
72388981123
85198472581
86799073539
10051064987
99271163597
77757378482
43601684302
56706990554
66530866446
74296635591
25954637414
74105227352
34301633827
71579474376
16736854881
17359290979
76890494526
31958408786
21436063469
96210546069
79142654181
22291684773
51497133167
71708358487
26552990164
86441623182
18403635745
76747588626
48251187281
46287579193
12201287858
27916710394
45676830689
93714107150
67755583070
52016269266
50503001313
37817657330
75552997784
36594479758
87490938818
43146750192
17775878300
26424920552
16102823035
92513334850
30725193622
94422622367
93531354209
84522506564
74899875132
30234504553
99902675184
47015692637
17357003802
44703526661
57098305316
59611558611
70864423172
73942502730
60651037980
18460639131
26201482343
85398765945
27841184022
78685821153
90712308742
40051592922
87540853580
48548912608
63705442705
20839582058
10281576730
19735699198
40075859435
49086688291
33242780393
20795964677
40962821474
25038513198
54021822768
94398678466
12420304409
44974397011
73144207602
40394250918
56807365338
97124472402
58472349953
63773693892
10455914223
74400950325
64392778615
13917306693
98023223154
91086418342
26347863747
71184639661
83711077987
75176484234
93624688519
74682635104
26630224467
97609346870
67605451788
33154022060
80968385156
40390606477
47179287838
93046995465
41317468593
16176730139
39447447425
94419233249
68929670947
44029739686
67825324874
80190700246
56811913945
79190948401
61793614595
97971382894
51063111175
70859948363
39494344499
44825851819
46605028631
98393110031
96679571800
47071234518
64624665280
77073343363
88924924535
12896323159
82259588417
91060056993
32758193114
21897996335
23820991709
55445142848
86452183815
84120564866
97694462465
31607941273
45873337514
11660896582
54378522813
69471148983
28421861145
69278363202
13611917950
81327117300
69665085496
19618086134
74994903094
63198763097
38449867416
56543532105
85303020625
23867027915
46862054459
62185628597
40068751426
48155836649
99365483114
90682834780
69008988555
56656228202
33157107244
92338553893
95919684869
41401894319
22454699036
74788102246
82189177935
25339446512
49655555720
51649874869
59196442356
25806493731
13100859148
43153577593
64901932128
40237105660
13912652716
14931648469
80650172029
86483156248
65946327454
16318623142
36756210534
66095981887
38191984973
59739384060
81545577148
20869070343
96042697421
58635047219
61641501911
86149330561
92859371438
32018619166
87461852351
50713267408
91570043014
57265149398
48182614313
97939938567
78669975350
34886909475
42978093504
48593466773
27936895561
72191290638
71161226148
88555108404
75480193179
34743107213
73451938341
52112573746
43084893477
15170647092
48320746356
67593580809
44124670438
55480465730
69342928274
84505026328
11947168865
29665176347
49125840167
58383022914
44580533677
51010960930
34452881830
59812681419
58911080936
67685729251
88769531983
81114067289
14681232703
56994227800
62394186624
52324638063
63048722017
61994830497
89404896087
96543989943
96653761099
13658083247
34409050843
21788324606
17232571388
46741620227
69552756070
61354569399
37882886272
40362941478
93423112326
93754825720
97061573296
38523777896
81638450932
10984106826
52389914112
48354499908
62242446705
74333136442
17608793467
66808148634
23353377187
64776059570
22133279635
37142645915
22340829315
16280580519
80010532707
16073813898
28746597525
85233204227
40603707482
88464495845
59052029798
90692643729
99428161865
20988363084
77834306839
98718075747
27500448543
27369975299
22029666453
95449924613
77836340332
28041783189
78076143425
12550652679
97724068738
86091752708
55800482972
73320898010
24364737850
99541522079
71051309309
51223509932
66983031075
22894971826
69246812459
70012677439
44466539883
54457448874
61030324006
79980746110
30541217613
85429264994
67890762242
32441593709
32005187523
98874590180
86202440951
28176640462
14019798271
49492205530
44665526488
80263062088
35200663374
86660002777
61018467946
80410180031
76470911594
92580068435
50101690630
39831075372
79260877142
40055318967
70535031486
33861441689
24870397177
86850149122
46116997933
88792641162
68869616795
88614211634
58771763830
24313976527
15092915837
17882451387
11827381246
74020378377
65898732751
12527821253
89898885548
33579999298
53655941645
53711947116
82611573706
29842084158
44014049248
54306271738
87763121833
34295245606
88570090383
50464441235
83068385112
36074702508
44547018619
60459580659
95484683059
97976937552
24175444963
52740315161
48037474353
35542429807
47589800713
86659816433
54008976041
43944167786
24637248268
32423135189
55097174047
63097802518
44752408680
51604770748
78252881410
25097887357
51566205678
93550949508
52222499150
56160083585
14158629575
99627524393
87258376745
18658011158
27843671917
72188466890
39974971133
98700162585
71536974443
91944262115
65798979457
18709941267
47437276605
73495707226
23215476918
54905471316
65518238036
81111109401
56683945717
94580647743
65380997248
34508604120
70566523127
97472311510
94408585532
34435936534
54417053155
27570273047
60213499002
16981211036
65139337549
37702135878
53829525316
45857063250
58952619447
75452870142
96744145088
12104007196
83713713777
58055501657
39279595562
89241681241
54587011069
65882758474
94243422198
67338513849
18507286676
88864777426
65790806480
91883098469
24735589486
26108333401
88501502366
30297473908
92544618271
43270475173
17704931811
54615396993
41646240267
87637338968
20842370799
95813605285
97617575197
11739263557
58064275409
72129728459
44628971706
28382610426
30030280101
13080507146
12716193522
40010241336
55850052140
80734755240
78196109990
17716852854
82764635634
92166529146
69196357230
41191275370
43675579792
80479434460
92726351080
32596232466
84510734126
58960257612
34417613729
72870540907
16675362651
69642822423
48198021832
77882000212
74470923030
28895333661
23471189232
42709996689
70197412607
71733481209
12012114915
74314183522
33432037497
80169726002
58678672490
95981858101
76020633480
17960132788
76082678071
28561166744
63799577785
34950021600
81380756367
72558796317
70907847402
26398837203
27754583339
78333243005
10721375171
97324495647
47386128737
93101986659
36992464411
91708013214
72071753252
29040010175
89441745574
34912001793
10368064516
42623087060
89711800415
98161134907
78592542825
27025218271
46106426930
70287227874
95696799947
88557327864
46001764467
14623890115
21462375454
23450588672
74589928871
39994919827
92082884956
93151545279
53766362096
60496439747
14379688949
67959008319
36630155196
36415319105
55341582924
66542635184
44116413621
76076083524
37623379191
23377691506
78264685477
93711646935
11113599224
57708327448
98137272439
93249060968
40458840796
12307397414
44211782810
80582210935
15160327066
95491177593
83452566545
41149864612
27814578436
59451388288
67852803832
34026603942
21734262813
83561063560
32546677228
23513870330
72755581084
46292255851
97397406661
32220525264
31195757458
94619431446
34865634722
38640186759
25229003859
30436311190
38818135053
40560587813
83415809727
32350392627
92657132854
78796786685
29347817097
10611604735
93963320903
25624254335
77198777760
14047196547
47336572763
60907687849
65127026920
56998118039
33868688834
38786587174
61975536905
54231530520
87225394743
80899607579
13330884956
62187332241
84109780809
31550440979
26630975925
93559375548
98919315445
28431432224
13076517484
94098223773
33495896015
56588602730
64511989034
26473464340
50021337751
89658451306
17982198387
12052350198
11624504901
20207883985
27723663679
96281926839
13032993888
56041882642
47952614937
75196700210
39779201955
33674622637
31948833929
78232061915
39524784065
10264066642
30781374265
83747266453
36380786919
56640914432
12394249747
39445391151
95590160069
98785263803
21535457496
57223114513
26975747552
78435856785
29681623496
72002397656
34548037787
72193174425
57079119766
49628269648
11330008317
60937039578
16579352664
81707169175
22568194533
52225823699
91219988060
15247766382
51214064930
86691310315
50958154023
52277551794
22154928098
27362172017
18871533791
69811109804
90814714295
77199363120
44122914140
10276764280
18255410185
72964265117
17315400235
83674026594
95492236297
97762704138
67757311713
88683482993
36580184030
97458193587
65063200264
37944684624
32137299323
66235782623
89597947798
93545479114
39934829012
39978424794
76466926303
40198842932
79577706213
90882233396
34154561968
96182444398
72421132896
91980468130
58851433955
65014503763
80600514060
86794426825
59573444053
23270544876
82973388736
57764141178
72499578865
32563774255
31914652250
85689534144
46374871535
84317227857
41381528540
67197341103
18505410951
13636203586
56379965115
16530188654
17292548737
55661546533
72437268949
44341092144
34288732407
17977416598
27572439362
47522994030
46153749619
73126204374
71968144625
20956254094
41768548723
86616133063
63339748455
46596905231
49285375816
17770047448
52835303660
19144170596
62308544319
62014604986
51631923878
73223481670
71162139619
92757067515
34042425632
37641188310
35251311373
83433957705
34201138219
39364414216
67883873398
29893260330
49097691132
86465235618
99337565014
95927895632
90479853490
13231003334
92736019395
82049574207
35996028298
91152815700
51608695445
23828210041
10558614603
95365170901
68616675948
77039419862
28831278718
47738175916
53999433967
75657527573
51737465513
29116924556
42607628948
97515246764
14845765652
20762884016
43160411411
60698356523
95249635186
39619583248
61629738231
42774896852
78248200242
76354452634
95502198350
99644155620
26822724062
46628242227
89102325515
83172345922
48191661993
36589958981
12734188578
70103869146
19741467401
76725496574
90823574582
72736008699
93545104552
67051189233
96289005778
78788651255
61542706154
38233494907
94728588461
14982621364
97345361401
71695527823
71280044883
52750477266
56397583801
71803169984
95861135932
53919180327
96171998362
86889409449
30277392775
67161209004
92557718244
27674404234
43876103052
66359600295
16180261001
26660084949
46535794920
80158921542
58748163857
91356648033
83820017200
66008934549
85849101615
67227776241
28180953139
21564232033
89490912068
62146695509
14449039576
49885260231
12691377781
72242542758
98717212724
18962633784
18723508221
10617478850
45446647270
78446112549
15717360062
92124584201
47838855507
75708818694
90854402059
74171822374
91057056113
27274625454
43809467918
46199262289
50027077516
70319472956
30863515311
14852398316
28369485154
27721965572
75519249020
77144368284
12263146324
29675916608
80903787333
64374205388
78975498221
25894979121
63482645591
78471604624
24727902741
20613841389
58931369373
69396255377
56217237305
63343344684
91834584732
55626260514
50603540536
31358119030
22883283007
26422081542
50438470758
22151926682
86101711003
27204851313
76540599643
63634015690
77882381941
82289047121
99404707719
94701333735
74973734503
53616959052
89248558948
17021933502
98153952224
31083472476
20418903539
96827219211
75661570655
58358208820
70902177632
38663674806
72191514846
12255950872
76910192631
68714354439
11487002673
19732500185
29195541306
85814099784
18470744785
86610132804
83270046126
12063986011
13006848322
79239422773
56980463574
94759327757
25373720129
48164360700
28055708599
47654824952
53430978914
62931205218
50700305546
23723722576
91214055002
65030753025
18813808042
72127318234
20181608939
28776242359
32085033371
49936698995
32723482318
97062939156
34180635010
99804237219
42529863081
29099757317
69864994842
70448447990
64039997608
46138614709
31512561932
76448532540
22967208387
67085528950
34666128575
26422741040
59449953172
40361655237
76363557216
13263895468
45516367440
94144800336
34827174184
30268105428
93110095508
84984129656
47943962603
66160631417
50871942427
24249525855
48216044343
52857522878
36898525244
77051259030
63668499015
86400352844
18531791518
73991693154
88254599956
47073619197
67516294430
10369447572
32213246056
74124027903
86074616184
62307575829
51128978606
41429502896
26369699285
84815881731
17129192392
87488892501
30707968100
98857488216
53364865442
71150540110
50953769044
22281331074
56144217321
42605842489
50003710490
43983589695
67311107914
99363768516
34919558670
89092994957
91113014775
37157858791
29405947956
69171866507
27557903602
54091206571
19495115117
95863937424
16608017622
77229037556
49488535291
41443398987
61933840826
18335469075
56961584281
83762788936
24844944207
28171759276
51807667697
56535157961
52296493106
12021269064
81370122001
89283519481
95836154653
71179526316
43007539358
40870550002
32292101586
97620922215
14159906213
58676681473
30103828466
22627233351
64785087982
27009051016
49963629399
95173157019
90497672482
40427109154
14780515868
55015779388
92424362107
24981647545
26446171125
58318588740
65081136440
51949168837
30573409830
15318277447
29764584918
35737798263
64996209547
73074279547
77510479874
40918469452
14340768133
82613097491
99977362569
22259184720
58404953121
29376487545
27260727640
85723420060
57510847265
88380793798
46273686773
33805853631
70389508487
59670458754
66220652449
76083765147
23730338160
84475368019
24207810211
45930194301
73695857548
52568127327
25772922915
13364924918
88636802132
20194162492
26725538379
79426038433
15912391177
63115781146
46646868441
75269670432
93239667310
28574444197
83105819168
60290932959
15449200135
87389815655
66220241314
62624063741
75142637353
75042863076
98466664213
43575325771
85348977071
14743826068
95701072974
41287567634
82450978553
34684266445
20076767931
53236560298
16286153840
91691818484
19107552836
39330135183
62200299687
13532294624
23959508975
45290730056
46884085115
29685130446
23487361388
35132388986
41958975576
40054565769
58874151905
48819323272
37772949776
69921028450
82336972610
28366844135
73900937174
55002878588
47749201057
32575074124
93780511477
48642662628
14986136154
89315966523
65538667597
85575869883
85742993731
15367099294
68660935594
19212043560
13094551707
99264507162
51506124195
35409506494
83049797816
88670505253
64830659481
59026979417
16499229954
34551380323
26981620373
30528877047
35162457589
26710257642
15084069757
71279352031
38847222876
70814897603
97980503109
46634238128
12045517596
88259349768
43871261961
87696511024
42117414654
26922696660
84521022888
75855838931
15565921230
52601061943
77194918127
73229198386
28974757941
96409074327
88343745430
44429176482
25735861392
26720040791
19967441895
22428437755
60742791678
73491282329
50142983796
25587365500
89793608422
95673906436
86688159927
62321495586
38712248969
94697356306
67037152033
31258415767
14845454977
53949979793
68525645791
74336956206
50706151165
24937646797
93147724740
88381731161
37931734176
87241094969
93881936579
12595693746
15719020138
68819424280
83972420569
41614442646
64905692826
90325516514
18798652493
72134402820
80991916936
60713118612
54519174645
50889742564
16139366794
70140244459
78400202274
73739725173
46096583288
71166774350
49419912449
91114411537
15139887025
47574405001
24435602126
94172382899
15359138676
76783536910
11484395195
38532762095
94805714733
45463819520
68459396051
75068108246
28625941449
28181836512
40813946704
19607044013
89366611027
20968253928
62984892734
54507033951
74523554671
50291630530
41430853428
80310372501
93695390789
86081243185
45091598394
14892169354
26916213376
23422167872
77809925777
58486837641
17237880930
90087545391
59761699531
80114103881
47770966053
18419715119
81082800659
75474629819
82012268164
26108804672
91753829693
96625282913
43261838000
91885896453
95715787730
86646516337
68252545163
89901492050
30473911813
16290086559
20634603274
48526438319
52710011828
42936907038
16783789081
64921571286
23121883455
80447372369
73326301287
84893792883
95352296610
13938209262
94887543385
15638805480
67130145522
56058679874
33842378361
97889103349
32423234293
76487539524
60245478846
32983053910
94632347087
33244018636
51060267454
92605729780
26177316154
52463056003
37161115781
30057830070
31209120424
79991157368
27451919848
69068210003
24806467064
93662359305
59014355983
47145876698
33266556532
95314839423
37364135862
68225049621
16800999704
82271985340
51086064280
73411339416
62904899496
54697180197
49177104194
15250631043
70116175721
56281576572
47287010462
90080400906
74318027182
27338702910
24270295006
71236692577
60099148962
37898509234
20717164834
99834910981
63898617797
68231042121
56798211348
37652928532
16667546582
79331775656
59009406612
75815412724
68555826095
49340080670
86919754866
83739613424
35506772321
61549511759
45531554478
36942280336
60971420716
39345313518
77412406031
66964288757
91030373172
51025122584
48805298738
39681804814
36234911876
71252772456
65099014389
40685715109
89913735148
68042583006
57621671076
35333931383
48849934510
52859417122
13051479645
41378944614
62683415802
15937319367
95777900843
34282653357
79489700708
56646801533
96807446996
96593884595
77805785997
86633893022
64767408039
10169498348
27617903937
29881731392
93687670788
76778904074
78264791014
47423205831
44242995078
76565744551
92529582951
21407705828
91811028273
22349007539
87720095300
78825009878
49595006467
79785229019
92079425570
46992817380
79408318020
78245430841
18028964425
74736354952
80222329354
95977874578
78586154865
92088842066
71540993182
38799852801
65844688897
98941503750
48860905396
98233365515
48867883052
99388306877
71854527650
32857574588
56222759838
24260230904
79101436446
86402250341
12845350842
89011735232
12849174802
26768771322
13906498738
27468984415
81148899966
61487821414
82721405543
63446865781
99772101321
16214568704
86271295582
19735117335
38423730084
78083572867
74158116742
59501737558
72154839796
78367456239
30812693682
92171765424
82189778444
34033622958
19997218640
59285598767
45709813555
80140355859
79293437251
77918189627
94452376403
60218415196
90334902589
73245746257
43131592080
26762678663
49046042763
93603802753
51079136785
52764551736
11674375045
19276200053
93475481044
21040230245
85608705863
29074554500
98794868911
28518650857
60442332424
40433855294
13184254576
45254100540
51667661100
61676516280
91933722154
64750355707
49689002453
24495523855
33626291198
98594216648
17953215610
12547602662
43007813721
86940200886
78110794700
61521896473
73531717669
82958467504
64177775081
10694672060
41645099802
53331995740
48646272468
81749426420
96069473491
80710329745
93029497695
94284441083
17303091528
59585071439
54857886083
63477840053
21549164354
35233647977
56115677920
19062846088
85504012811
71391134432
98354452519
23365249880
72337229481
66178967726
10541904454
39049239483
77368831043
58011561636
45094312221
66943529996
70630308432
18962257904
58979040519
93134753774
67337968260
80377852140
17219165985
25658735446
35685505723
78095778696
62373928790
17098692471
18560586284
22545047694
57929709620
34269069221
23568668623
77374109046
56363029226
94317732512
63791583693
80814211621
66809919486
54170232555
46419421118
15809950556
47377516136
22160216423
32151701800
53836727337
46870651711
50712745731
32361685807
73211581729
26759434864
34495336460
32074611733
21183389295
50257315383
41734438893
17855696156
77266006489
69933713581
44140380543
89990369631
24509393720
80805249045
93699387721
85200764908
16704168955
69088040891
43966528639
74655672111
24676339998
70957562550
41159101095
47451451878
48523172628
27374204761
72534748751
32395795834
32331748688
21857084295
53269780710
25307336956
40637436607
98830685019
24349696387
57397908469
97782424948
44878866664
43646722301
87002324941
16053208175
37274723337
83656706027
57766056278
58780396498
56971493911
72622630473
69709864422
37301475174
93780190842
23804723474
73603213044
83060503977
63102754005
84272643433
23881755046
16517974338
84460181301
94491166985
38685403180
85201976502
30007138415
87219461984
30764323271
95301565404
61109459927
64217860630
19233587622
85690867037
20051296259
15897458773
44689208084
42605839906
81389777927
16861111315
59689962804
44532423424
47220905648
60759139208
65013070441
97645798524
12842625966
64839773280
96310359733
34417557862
33602794482
64350717826
65404032603
58410029573
42587310271
97285758094
41103447168
28536892140
13678157152
63419886446
30298070047
10333741281
13612198589
97174324616
25356443612
18561667960
81027259052
31420683965
54031618954
68249968056
46840305372
82426453012
77833532003
75506971882
65591015606
59726184838
57647263653
41132391428
71307366149
35586058057
58223131741
84530877636
64839340960
42112624184
98796585965
85825649657
66810960066
24317651216
66927605731
27081109810
43697603083
97222856841
18286181593
66847607173
97728715308
33471279273
86648200875
10929210492
61081231620
98877411745
55764450098
34416584569
86795005884
69820025043
91800994093
90038215158
96738821712
15428453537
29728891490
50533563911
27849452414
77174707458
43146768772
83530112069
62896213650
94184818231
17762967078
73281335177
82892127027
20735663608
38828200059
85412987154
36374331039
33359689025
42372783224
29822603027
78724053244
64774976808
76717208124
31955517313
88307692116
58484372577
92242086372
19590809890
80787278760
56943472967
13810137388
59620905444
58509823188
84458885532
33736062321
15940190619
56827362515
65633682167
14115660264
70617417967
39546475979
25693081910
12718714267
60658667148
79699466642
56816204915
13037746136
88264574406
71474467910
95269315641
32545752316
11054772552
20041558209
23315042492
87893993625
63877770277
60096558507
51486651418
86337897517
74981014871
64144213076
39591732981
21972894559
50131127185
85639502773
38281808597
45063927389
62764761561
55516524244
21949905784
27304275433
65299998346
12845648179
52770748153
63647535704
17032536166
23776474478
57466418499
88583221178
37779457845
47290697341
72478473073
80707048022
98402657179
30455923757
94430866445
20942307984
63453415287
68029826432
52288511856
46036801425
51038950996
69174946363
91242308079
44449858884
79202373045
23112760401
19588947313
23799517548
70693947958
38182474257
75304226911
21984286171
59019549327
23042955200
79687209384
67937122406
15616443822
65493798078
52175648956
13630145387
38928843612
35836470519
35863200269
38979094909
47254344032
71158638039
68230160329
78615790998
54452291296
15897908017
71857857241
30456786393
42019097758
67598306969
71568361385
32911521512
50874345510
54336454546
30258663340
88002132856
53292916114
63597676353
40834037882
19912563499
79031316406
13334555297
22070678788
47572845587
31146139703
70318133802
65030893117
52687206655
40030877985
34152262215
80247179883
16261680949
15938725275
81738383904
57368845230
93881860962
85565646405
72004086760
93343207239
73594438228
97973178083
26255490975
83497064740
43848213086
80420599632
83580029346
61630037528
63259079714
79932784210
27782072900
40569626591
44702377873
10986869571
72647617778
53675413067
95720887842
15575372318
56592762086
36025750893
69616445426
29195527149
38350652319
70562004666
65129217042
44095916940
83129258341
52978457187
11130238968
13538484728
41129555015
48308428437
30335904293
61185323014
56329887279
53914865549
68379803989
66793627931
74045848245
82593115217
50217585049
77891825021
27592920985
60249534723
64285807163
21844186366
56376313962
47415767759
71202765057
42275536488
74299775200
50146683405
78054300727
91119075921
51975210949
33201271696
59268003437
82526167011
19836138919
26480744877
11545258632
90514991101
82474915136
62674611806
49320187953
18878543436
21001634977
21402798211
14763978206
28402187232
16674503953
38051239341
24148212590
94091674666
93612895872
54431766625
35344802912
53200731872
43337607129
76359523319
92276058885
86199966701
98799111063
89961388688
95451276979
68642904920
38823509736
23156861113
27235657435
51477583463
66387948078
23674783843
41628309504
88094332783
70752042040
16803118129
10010221583
89654481398
21439961786
44454613530
84841021731
42363603253
88425464070
24372536584
80352569921
84231759921
33053788704
29221561455
50109849717
80744042509
16337069022
41244450705
25718294191
73485439596
76747547327
33147643347
73852632261
58148151946
75523789671
85586465740
30830388125
79004379535
48882277564
70795647729
44200012294
77942913010
58660171325
63546176413
16421097903
25870326161
68835330891
77404774454
11989324987
85926971917
74764369708
68752671493
75596250272
93826656534
75143153916
24299722855
31542234872
38193631799
50272188886
98764243258
21135908620
47595732218
71375098054
73627615423
98229861829
84681349355
10373923590
72548054549
44550750609
45482558739
45341749978
98428143665
63873689392
19605666512
19745102663
26093211609
44632352368
54686715043
30154233582
60556910575
83009624191
46681585030
22200605570
74474921759
55909679846
74735115251
47257473556
70755803067
56529312285
52390345540
14963968721
34986028955
88795206032
38924235668
14299325008
12062182484
53546230213
87874837794
93898641719
98025052654
41254157298
58287568482
32632799684
89573879101
95443424208
37835784836
49207409298
86956763346
76571881401
86587878479
84581688639
46339293888
62014416181
51360737254
31127839465
61252052810
44771193326
83987699171
28267994383
62668895174
23240381649
52950648392
48214857771
74192933203
86557496507
88488389446
81331131585
59617484568
50015434505
76147042118
76913935058
12203757230
90481993480
20173905967
23935434488
74258202730
27566016455
38376460516
57477988895
35640124383
24170915928
35482098557
45275866938
56670732114
26708738711
50199306470
41532820758
18689464388
34678699972
46949516763
19062771270
58901503976
37586490846
83063766392
45135944930
15367121083
54716795626
25660001576
51040621867
85551805573
81868320262
33526145089
73705598194
44264391767
30584549848
83302505998
53936911033
72613504734
48140620495
61157251048
73355067607
39737407868
39003845681
70256337720
51846367533
29030383042
76741058596
67462228155
87651410992
98601003982
80040006793
29328033778
15553253921
31259874321
39011678807
85998579676
39961911848
74888756920
19174794392
10067164022
96659526244
26474268956
41607059126
36004700567
47129014858
95403543325
80140316038
72384348273
12994193908
72280675238
44170245906
11044489240
18641428711
89469213257
49690092398
36146730522
69215207576
64167324138
92953519192
99348227882
29219081353
43767535356
