228638840
265001470
219799915
245595963
261471384
263818405
237092159
222819977
238494648
259135658
275878373
217472130
246411464
253763230
248027599
250053052
297847605
255341022
220076805
214843622
290920203
243983461
256479833
252719678
279097527
225680219
266824649
283843140
239282283
222591291
221037933
213798988
275634933
290533754
274267906
250464861
255235990
273466007
290655198
295868599
219662315
250870855
275508088
259466340
221107790
232537414
282680341
214123556
282019973
296108988
275605697
214384180
249572587
252013657
297472724
236430109
298094944
272294412
282339676
281269144
212931121
273186775
213144421
266845067
287316752
212523868
286647763
268308004
275338053
237197592
231682706
217861647
279191415
279335489
257328244
215451611
266427714
263014787
220764495
245662902
285574217
282368922
222186960
227667961
223605626
249141160
259291538
234441857
246741373
216331944
261177545
242838488
299615109
253590743
239414787
255629122
231196606
297766440
279513001
226021619
231481296
241642147
296657134
257179342
214208517
266912270
227262238
243541408
282378601
216323072
253944830
294085828
221471134
216687737
274991764
297919300
249938834
236720927
222763637
239089606
218622706
222578438
241779637
256906223
256560405
266152358
225286077
267670683
296753671
220723156
219864022
282181406
245918152
242238274
250502239
228242356
262129607
228812461
238876932
247622959
299455120
254006295
234199566
220332111
250021941
279194899
238900872
218838122
261436163
260546520
281743065
224551768
248798968
239138299
240291472
271188781
238714041
290048848
269492585
292791204
292299405
217442233
260415094
280849422
247702284
285630795
221046498
265574537
283570166
221465888
281874471
223977402
254348248
253601921
280183787
214651602
293364292
237649406
287944743
237375977
237245182
267201445
297630216
252955119
255803069
271451190
258568974
292528581
266644054
213888064
269456505
293664339
298436138
294915674
291393542
240979090
245492023
254829319
258178821
259815144
299330081
238298704
259654002
244386103
293820298
239238026
219563977
251256180
294331830
286329619
228739952
293961239
215604595
241062037
222242927
256322965
281841506
213666927
247275491
295446783
289213173
210282720
282701230
291191310
297454712
282281625
283936785
269296588
210371268
247100412
213220755
240650798
267736893
279885212
280884330
255604297
291450192
295482121
222182940
222129997
210505519
221803539
228599985
292783530
261686639
227063167
271551125
214079744
282692817
234169063
253785292
272918449
297552132
245730156
240344411
292957414
293148544
269857399
261953427
219898749
233770896
255749021
225378127
299875291
287009684
292104965
214962190
215911728
240959245
239643903
254543417
218167863
210805716
270899893
237295741
219680533
295250465
236620090
274013971
263306703
260771542
277580456
295495900
270891350
275027872
246568284
285667748
276250841
293362848
253505502
236094988
299456289
270368999
219995816
272884110
254982119
247365801
282208964
261521731
211095936
215210419
227814430
286333651
270500334
255216276
260034775
238584552
267674138
243424785
263443894
245307730
297879545
225891871
282723153
216887351
285919691
286689351
264967233
244703166
212287568
294121221
232010927
265828414
240474446
252042682
238750511
231026343
250817123
244868098
272145785
294962430
233415765
239082024
226292241
292344468
223852207
279441557
273490339
241060035
275690509
214624419
295562823
229810996
238591803
228909432
285109874
227021080
216393458
265332978
271632827
275955905
228478105
269073985
271463810
275101347
227938181
255522700
212496579
268148758
243555292
240612716
221788065
267411453
275941314
235151134
237751910
216341748
288551911
225994294
274031818
263934804
210228607
264713904
216350061
298334842
251935620
273829785
293292687
295047010
211375591
250691780
212644301
291958705
240136948
254758801
288285028
253357899
220849726
222374333
258621223
239788389
268095114
228148139
287347842
267331930
238761126
266520117
277416226
263128884
246333267
294172088
298528211
246475808
296434264
282863862
236686888
271277542
254709582
271279037
255997567
287346500
230109538
235425009
229550496
215663028
217864512
232726139
217999918
253182183
254706139
223241462
298377224
285155825
222127954
261366070
219937114
286609496
275297637
224153325
282581561
245684278
227442704
251123881
247882572
217053842
223635630
246738962
216490130
227739311
292746235
288838005
249730181
290179795
219734553
280822912
266995882
254951617
290503824
228720190
278825996
245947018
213269154
284106709
292862532
226024897
222505718
233592166
246918937
257117047
295559987
252368023
259539740
228011831
232641922
211977730
280143542
287679531
256281847
217794469
261120978
276816839
252024705
237889777
294520355
298723499
253751052
296632289
262977793
295458153
224148247
216766494
280674175
279517078
230112781
294608436
254735790
276682262
298966909
261677158
266102373
252323663
220369546
259908054
275611990
243845653
291961019
220230957
278646324
220056883
291450121
292022347
288727025
222105080
224390852
272788515
281013903
251577828
215390986
285373361
225586162
259020280
236363417
237816205
266716985
272269928
293927037
268144432
233096948
279921140
265278955
280929985
228808208
230180528
286054857
283238084
254887381
231925342
278950363
290630341
295223747
225076668
230129989
218790188
255983927
262150857
246215188
262424845
233983088
287780242
279999523
235567407
222288783
299789716
257069707
259152763
236937314
238713345
246728551
272481746
296283592
249282759
282238963
217086063
279790015
285621295
292446582
285011459
259315685
261984758
252128653
289542432
289584529
214712812
210492368
288134784
229885348
236950960
265772120
212510793
293188904
278161750
219684118
273201974
251222092
294935890
246603271
289197886
233684635
225718007
267833520
232725218
278968523
242879549
256920863
212377704
294961128
277185151
218420957
273188710
255899950
250937248
229324851
214191112
250342561
299325551
221340329
281067919
283293292
295765404
237892001
266140523
284188202
299184281
246110917
220238665
213735114
218244614
262326914
260435166
298343996
236775147
243102003
259046284
269200762
241532745
276391877
250967060
240930769
246999114
244532840
216544387
216609924
274724907
292096251
283985705
288671606
231173030
222633177
280792980
260787825
293405517
279584330
213763995
223757212
274251236
272067324
291330802
274122788
278905729
253845565
211005921
240821859
280758015
269410642
226113047
260621171
288333923
261423732
225839399
221395235
261894706
230073130
270508501
252808555
259065033
265531337
290800283
259337222
259335072
296796356
214720949
273064829
225934939
269238758
294322391
234378360
293497035
271622696
278389668
269398029
232626089
235287338
260558573
248318474
277729377
282925076
229750177
237483829
284797484
253013866
284706539
282981176
219726413
267476029
270878865
229096053
276779002
254461912
246841676
277099493
245342019
248738728
210362141
226948319
282900088
268824438
234299888
297221550
275010351
226928404
210236541
281255508
219605848
221860558
261362506
275294852
291496468
281070130
287397678
220035719
297651756
278041338
290936055
254583916
275045753
287660262
278969547
243101852
255433080
274270804
230579657
261968612
261541134
236501049
244593317
216367438
282324456
226560655
263939378
258665199
291499319
230675578
223938303
244669688
239642523
271520362
288413574
211156745
287230724
256674733
293531722
280010823
274241144
295106486
263549157
269037091
251365776
246979777
296604521
266229214
229581736
285194805
259412342
242168100
229404579
238808912
289241958
263942473
215924500
266774025
248233130
267098757
213355303
211354679
249053257
225246844
273297334
278201658
281752647
282595505
277067975
289374410
237208536
258777166
250727743
236538557
223032610
296104641
264830843
259517761
296146455
233060621
265173452
232450116
274920783
252703954
211232995
265301311
241046622
225959516
241233202
246535825
290299627
257057648
263775878
248389735
281765729
236731961
218146829
279912231
227605965
242375179
280536011
290670089
252859148
284983757
263153464
296504902
263764712
221251640
223348738
291217813
225233063
278405645
249866165
217089773
218629573
269097097
254263078
274686723
265395310
237877027
285104043
225233099
285195634
275436852
285289417
285075104
216837595
234311368
218971827
273038313
236591537
281527777
270396369
299450108
292405482
266331944
273120899
221169054
269886708
230794938
227905706
288226505
252572093
226861424
246155590
225405979
245031559
231545026
245906842
237590135
226402121
234336717
219894469
256004194
241772137
269701426
223087585
267130297
290317781
253153409
232222049
254886320
251161605
298829775
277872527
285589410
256208673
216544795
219647968
291829137
278463779
233621219
271990850
241297177
247097623
261995997
299962744
263029974
264549300
240070310
289889515
255413767
293613311
214980941
263512574
266618534
293698079
253780961
286494351
221318929
222625171
268080892
276242304
286373365
265377341
289025543
283311043
227021840
241915927
258881287
292820545
222031055
230847314
220610363
213694609
262835934
237910405
290526567
246914572
255645648
274017363
291148119
261170580
253131365
258393761
244391223
271835953
228531905
287111911
284565550
262163424
260618491
244389492
267540998
220436126
234889128
282613309
245935083
238132605
257460504
245231390
247577583
251237413
293734583
262343497
294177509
243295985
266047416
238297378
210847003
276071991
263927907
268592884
285777266
282750288
243099403
292954136
226531910
273142517
221708257
217118787
222554440
265636155
211570439
241759253
275076283
297734967
291320450
265159073
217102671
239407786
222981476
285642439
220895705
270447436
267292876
224080983
280734005
241802435
270882426
244772449
218847350
268433393
214664917
285375760
295782019
279783889
235160851
261919960
223119975
222139163
253130634
228423135
211841726
235163142
283129721
296639774
265183343
289085143
270208286
248345372
220098859
247690229
233516940
241059674
295658555
233258587
221234312
235792932
232862069
249824389
278223429
232457743
254846028
245934847
280000738
224740315
240795343
285853099
210241033
292305277
263656147
285877362
232584703
222168230
265172342
222348692
246641921
249795899
285964066
229308391
262136311
252956633
240112345
243876781
243142119
222267008
252029921
248842479
233866160
261287874
261635528
281676921
296382154
251605652
241173397
227497011
230954462
220544622
299002085
279626608
240219864
260024681
232635828
258001474
279247073
229477846
240864738
289569716
221300313
256813036
223903490
274011865
281000351
251066729
240957445
276207587
269154044
221520380
249031386
224777570
257765074
270515722
256237881
230543896
284308268
265288170
256143456
273676111
285921398
237268433
210445837
273928397
247829589
269508057
214165737
212467609
266468060
292049928
293846903
221429975
258875618
256942484
287951783
253301271
288179064
250420276
247352419
281768576
273545323
239051027
240786932
263796079
239989177
242906473
252541959
215548360
237733072
212593403
239023518
211192169
275131361
244169952
295876360
278390264
233586824
213897122
215044829
240348672
249495757
261576461
260930032
232333646
257477238
223625925
268775563
280210270
261585043
236716862
255086387
228742308
267407490
268324344
215355046
254858072
284157878
288130743
221286114
280560679
258529485
242866881
292690051
212930530
223022727
226143735
215720236
228229063
224516953
218671139
252544722
245796355
251289281
248205358
272227018
252364717
295546710
246626727
240969427
278239997
272631872
261609720
276182022
283360403
223305456
223430622
261974403
256377617
222965971
260323741
235845613
212268928
246154871
272358778
215424835
252814226
279467698
258695561
224391659
285139610
222242253
228336305
269999903
278335882
273885304
255526476
227205262
234837653
239132460
243077138
296340773
237234225
213485551
235465970
231900905
212804120
270462149
273946390
291100474
247337523
241632022
276631690
215988437
221840601
269078025
243582244
281969430
286429136
234361460
227798504
268458038
236388667
238927241
229251989
224835672
290107538
227617673
272760219
260528164
278532053
288993532
246765044
232583259
290024803
294773067
261434826
268615764
231570714
271810029
243036701
247422697
252500957
275697361
256664174
228174535
266178355
274463405
251055021
277792505
276173021
277692509
289515120
283221233
249247589
221355110
224375648
225983289
219733182
272308179
285402075
258677513
241242987
237577485
276337465
258579143
253530195
282515503
249985655
260955978
259814813
215889097
258426066
296522319
214522277
267934683
282821837
215463601
286956772
227026663
293408923
294945138
272871302
249409324
288145098
254166705
247910170
261211153
239123068
218557131
211495249
237329635
213210388
253688736
226478076
262245501
230083161
213998760
277946499
246084420
212582514
239761505
287966825
244951937
252111559
256801826
268816986
252952722
299576561
281255131
277212122
256574692
237750653
265074760
268734601
226167760
230741713
281685014
276105922
254446949
216755221
282433498
247838634
228123446
249648352
281461588
234821733
222978571
287018110
227773703
294427206
224917608
257650292
223580960
275042117
297102628
276374761
254399347
285918226
262475501
263846825
266224741
253970867
235793434
293953549
212182701
290445534
218621891
267890543
276125716
294054896
294946263
246592379
269927151
263830198
274825988
260305199
260404706
244516921
218900140
296113110
262765817
252342146
284849187
277568828
234939530
240050867
265478693
264816425
224513702
282263302
240741634
238834319
216374682
276466457
271068183
233725088
267077695
227823314
265142041
259238634
293892563
275963459
240274545
231017857
239188148
243689902
270621728
214810145
294514885
291296920
260150144
264586526
227399600
278430713
295317674
277834857
216225356
220089636
213549848
223599301
246227549
248761799
286343833
291703965
255168009
213545936
284905712
214175626
244755870
276527308
265095700
235663731
217921499
274580903
215195059
216162325
237461764
263931494
224034967
235231054
263298993
259837285
226326145
229563806
266883769
277141703
211034390
246434250
223693456
229489137
246834602
296996094
250181321
244417679
299124945
260443423
253868750
253690616
292822190
235145019
243916053
277649496
210182875
220438612
283422713
273030152
282885799
269309772
223794930
255996621
233353115
211993084
297144557
266633783
266107761
245908025
255010172
296019940
244517168
230664914
250433618
269301973
231689037
229076608
241789254
272022230
252888060
279176716
267303500
251114821
268566448
219821339
240869409
236261583
262940685
230623479
235514758
232577894
245151542
292582779
256144120
276260335
272375207
218092263
269512701
270613255
243524232
275720177
211671236
213552131
230694647
247475928
290045511
286360344
289586398
258535752
210146893
220907200
228389802
291730999
229645580
299469968
258303854
213526572
272044572
225940490
279294116
275090916
296510284
296089304
289736133
259067050
261532757
273640837
222853088
217555768
297741610
221570837
275439544
286758794
277530883
235815737
221503094
221540960
245540660
275303205
215170473
249900452
253221192
261534742
250421341
254478108
294097488
221032919
214340125
276571711
299526607
253685002
233593973
261627017
239926785
299282978
293100249
235287497
272429431
293585190
211453403
282093018
248189665
250401973
293789229
290224661
294811903
257221369
225530442
275841053
296373510
217778991
223372695
280783611
226986603
269865870
236001068
215199598
299617315
274482673
270095639
279255622
224235490
242733576
221546281
213156344
251313780
236738574
278287534
241693688
211214869
226645164
240133302
295413103
262306402
245708263
228369366
291881033
278427558
221902329
288085403
297036819
219598380
256657335
223173350
288958685
297324489
275986162
265350240
257373383
231269791
254074705
238609286
283639865
259651705
245257799
289450423
231795721
246480316
256728861
232503747
257874479
220678545
242857478
223080270
248769429
221191916
232960026
275922178
252854597
279656990
231283251
233793281
229680960
273404033
274146825
291820328
230567940
282807659
277135522
233724794
273538840
290411406
252935305
272954389
248992876
247627363
269233311
229757446
292055828
213886554
211382565
257178558
241305892
296497779
267419000
258919158
249957418
229462535
232400120
253767656
242223212
268352547
290342277
292800918
259631362
232850904
238367823
261508103
264435831
212565609
291899493
258131012
296381399
210842293
295038264
225872983
287607968
229182209
220960945
222642405
255182043
218306450
240731909
251628634
262962853
281143684
289327045
225032478
239225124
293731943
265818161
299890905
291952438
298364012
284845856
210557938
267033017
235527382
286817683
267199755
227255275
216966721
244923641
256036050
233892183
295816358
248379737
248312903
297195388
246366263
278126194
214714383
243544617
264403669
253980013
226846153
233944925
272990140
236529179
285753055
285343544
211400716
261375007
260549267
236936791
254532648
232816741
298747722
292897280
280577905
266177969
212478046
225682304
260847788
271884244
261584363
268789965
290512434
236016913
256005993
250816299
218672233
270280910
234382647
242051653
271669736
215289816
263231924
225555092
278863087
278084799
219214379
256375662
299838888
222827442
285072214
277493956
298264079
218668280
231830042
269377763
243646496
218940153
232649433
281669642
210877707
282223396
218879079
299332351
261135125
222569644
285427942
238443928
293671118
250056055
266998592
224001936
221227507
282340965
226400170
212713216
297927600
273730445
267024333
215751351
228328522
213383391
280506845
298082243
261256526
219594402
255667079
239499207
296843522
286993485
257782195
284178136
297245028
252897747
296638976
245568162
211940654
220751254
238421090
251650329
280424633
258762611
247781534
227981020
280977278
283556953
267344000
238337124
283239918
288650483
248740999
297438609
288531496
289749910
263524853
285174321
296228806
280644247
297438160
273634569
281303564
237465291
289727311
210812015
218578477
260680614
267192778
255896355
286262590
241062576
259647805
234016847
215806395
237053637
296282577
288164006
251844890
216704612
292396154
284803106
290023738
211544884
271788519
269875938
288201872
247461212
217864961
275573955
244647325
260309063
256107050
269141273
218559980
212073472
264390319
230841205
235175136
295409051
297427630
251177608
239087133
287604272
223883915
268936847
220163141
235398619
293178843
243297394
273780916
223781174
218596575
292473417
258882734
275554176
239419302
238331833
296054437
287282518
279960111
286834070
283450634
243019875
291650170
239823125
214829940
285790950
218752384
297948276
232576110
261020228
226074553
244229631
279290794
227070566
290243646
242842627
271199600
223261313
294152424
275068223
256786124
214720547
228077428
210805950
265117063
232867203
247393184
269767799
216402196
286007114
271319051
295358474
242145273
256976268
279316816
210251087
284400502
228463960
212898793
253561821
264939694
215398481
214712050
224235607
278615477
221699236
277653834
247793151
256643047
263562236
216836885
242611867
243114376
256606017
222487182
223512352
250330478
212877658
266037816
295280002
259987686
257583953
262576188
264034822
290519072
250471928
288560682
243103331
235961268
289875541
262628332
290038071
267513996
237592678
282333487
237134598
215656357
252511534
243946794
266635536
267826052
229213016
295889305
249101420
266338955
235377947
247933963
232829007
228817341
286700221
270617665
290111679
227406386
211213512
218615870
228731048
222517273
258212477
276291489
233394094
214066983
298497855
212222456
234065155
254866576
262019450
253849210
298017288
212197607
223067078
250235101
242059333
255110509
211000389
299611627
268189117
252651881
219751370
278675117
257845734
283528642
291172083
211939513
264009599
294613480
271134970
231480360
251530670
262260519
273622929
288671214
221096713
249899127
291811538
224984148
216997043
261747485
233759095
257918047
280049624
230912769
218776597
211377810
222921375
288563950
229339809
298118370
295198827
214832456
256412041
267292593
278283081
241285159
287099964
242898847
256747677
269259287
269416867
222406436
286254530
223465592
282035389
215277968
293848632
288173834
223662825
265032436
231255296
290875810
267365369
288975171
212435360
297821815
237878644
230007968
255043395
238114265
284880697
244382732
271283862
277354304
211632228
265875337
225886443
242032652
239315490
282932638
247236562
252189876
226876637
235068790
279987774
264610046
284683202
236753055
257604178
290074761
242156611
292006402
254242497
258287755
278846233
288674696
239607060
223541686
231515496
275975208
244736276
268641323
244438968
242221262
235483411
252041728
239810820
276426672
242096464
227393978
224238628
286003784
266425978
273531389
249378623
291231873
212844541
221060856
219679785
256963587
221884534
212118050
264897506
272396381
272101478
212489005
228237435
236254293
292793171
255743492
234037249
294352709
271899707
298890398
276957277
237408512
249331233
210132514
298503416
211568951
292001275
279915077
237544654
215264071
289630950
225050591
247379818
289724625
271705485
280628598
281547458
258807876
244245572
221548419
241724999
279163491
283265088
222207722
242618676
247618172
246990549
268942351
221144808
277472554
251423540
225274886
257419794
287144089
269498744
229217891
257287086
291550711
225544981
254770166
293485702
214484786
268334987
273723705
235205147
267715798
219434703
269900482
284081772
286152975
215911293
259398884
221768572
221956814
278699013
213798392
215951265
243574366
280995775
217788693
220784313
223500899
293268292
291094782
293791309
255759376
265890744
216435334
255004347
289338207
224841807
234435254
255268940
237534555
282487053
244630342
252278398
256416281
228860828
225694701
257950740
222028255
283474156
230640634
228393524
294193695
281203234
235186278
253960432
219564570
268180672
254206411
298643086
229749404
236675896
286560952
271426600
279588945
274650855
291566269
217665328
254239093
287152491
236609815
229126339
257470154
217110096
296189688
273062787
221651056
282478239
212769866
276634932
277534815
255245617
264931563
251996276
280553378
294703725
243089422
275693718
294131942
278014874
243033738
245095765
260712261
219647438
284795640
216046238
296329617
226154060
252218386
251731358
211138336
284522691
210697936
224211419
297885306
251197752
296522992
234381330
226441143
286949452
223138953
271768759
252256139
273656300
248747142
252404659
259904428
228035714
289202576
271417641
279771733
285568602
269741777
223638159
278643884
215464504
263748286
266865195
252407844
211323483
243374993
289488133
277007728
268451610
280295042
220425033
213195759
274551517
237875666
218689098
217816410
220348961
211864699
225557301
284417981
231087982
249364674
243298591
267008284
249548322
252285986
271443342
263451500
233748938
234978073
299645868
266961522
250561561
264354837
236248122
243992343
218165330
253302525
251864791
226324654
253420951
225873036
225515626
226148737
237521700
231150284
279647534
228780289
230529803
276307354
234372929
267310118
234328855
228395585
225356078
263847149
229111990
293434499
214672683
212182869
269876145
244558102
240595694
262000435
243613935
261281550
260690957
282277766
219970542
297242262
245295460
248838092
221381913
220182054
250526081
279506788
283056036
229930187
221507423
241057494
283060250
223905794
241353480
225581162
275162043
221647496
259133206
248514497
238399026
232846761
224936653
218292678
263764658
223214179
238524609
211673994
252199016
267699881
280459009
248499256
274734962
281328036
290005216
279608143
281596967
282376918
256267756
227299079
231709743
283245430
260283702
223605951
244874203
232576870
219051464
297600777
287609188
218216058
256950577
295603719
297767680
219962591
299735751
249811476
299027134
242090051
226475720
212228651
273800463
231716321
244689491
233159555
223387289
265550226
270875486
234036128
255751034
265443634
227573073
285690183
297928179
223033133
278558374
280576531
226735176
221604523
240603776
249275110
248508676
210774909
280178369
216661823
265920315
297793469
262871832
295957342
290012557
258519462
234015241
220013409
262022326
289429036
298819623
222357070
296015051
266750811
218676765
230313061
288119651
211212555
244709859
242209398
240775217
254377584
222551378
270983831
297248273
298899040
251149777
247020275
286878503
243834955
234796491
241504728
254540915
299544492
268015246
218750130
213167380
220072607
228176985
254169332
281496375
255733381
284077334
267947716
279547311
212467094
296804958
219037594
210517103
235532571
284983047
264460973
261067471
237860843
212117655
297978630
255169238
286160564
220804657
228407764
278804375
245645672
287178274
233909834
250696463
258926435
260581228
298136043
243992925
227486402
266825881
277319020
231947243
245573673
276069474
226231278
245984807
270710939
246105264
293275157
237068412
252085387
274502517
219788526
228995082
228428031
217280529
282822030
291520145
219516562
291370648
258612052
266727485
229636514
215378147
259242090
240137054
258653863
260453002
267633620
276036058
254638257
226474127
222118224
233669418
299606096
269574671
227565915
222692817
269534053
256318160
237703002
232260714
299705130
218772670
287825207
214862266
221387520
263073405
256703420
257046755
261358730
292460951
254345700
250937749
217365936
215187997
234376357
265985148
273137798
263879965
295072298
294044861
231717891
216591967
214422219
240027702
237222582
257003069
225115664
223396448
210193892
241694422
215230008
215227553
223917422
254873529
265373225
220523675
270114690
275510445
299765991
284777394
245973506
245405035
281303691
286452567
289750457
262064983
215113251
289249756
299882529
250728838
274472784
286608578
247182208
230359015
220003358
267323714
265433282
258324201
224869482
234307536
270986917
242321188
212339368
219089075
265939807
269742835
259351035
292247271
242073630
274701948
299638572
221780432
255630435
248679307
233531842
211123674
225265363
292807149
261900792
289182403
245911158
210788028
256180040
240778990
279773443
220395790
274499716
265037700
238208094
241544823
252701766
287008076
245225060
252899587
238919668
270233508
256622072
222489553
267415675
292132692
293803952
216219304
289343597
280829505
298728078
228657363
227075558
251961856
239779440
226427701
299966061
218823261
232533913
298854413
226238973
259179197
220768660
277244508
266720000
214474745
229645041
260004171
237442001
230749495
273044550
297761522
244102484
227494309
210685070
274291239
279357138
292755476
291368141
218180677
280728727
268807583
295236854
269745581
286337392
262636403
246340656
224628045
220138411
225559764
211377988
286265315
262451934
229412213
213245777
270654319
273253254
286954807
216475024
227582397
261948770
280921737
215215602
281553042
225006148
211871319
233423632
285152259
224030276
277541546
235821004
245019916
288748199
220635820
241785068
281553167
222589351
267401197
281821366
298579549
229669205
264573275
220059145
281683190
218120668
289325428
220463439
293877328
238159037
281904918
264562263
222192464
265685980
232422179
212931739
297530790
219439827
216403795
298626778
283217260
270855068
214387568
272925312
285840541
294400427
219206141
216693249
247928681
255816311
246264581
253785738
227589003
232009475
265236261
244994371
226260517
240245280
222854073
243667820
245385496
274895399
259679943
213198621
266175130
273446056
278396898
292861290
239764264
258000431
223505944
236584486
219543890
294618433
234790882
253375078
229083697
213312181
286016277
215860220
260863149
228192637
276316105
296936544
279071278
293655235
274080672
221690606
280027225
278331930
236572010
210758732
271821661
212336928
226974617
261779203
211303330
235989538
231760518
212539331
234831409
271881990
297035382
299650755
261407554
297236499
290591890
235729001
257905739
284557997
248363640
290936817
273344692
227619681
283893593
230236927
275281706
222814421
261089785
254369088
216341866
248372987
244204155
270340632
262035007
266874045
280111414
218094877
214054791
211249204
297998079
245995104
235470910
267356061
292019958
291398746
266440224
235847162
268392776
219428250
297466201
250605018
261384293
263994357
263763042
259602657
217902675
224095701
293540989
268850956
251086669
288186890
257748109
283434616
212702122
288387696
235768927
255269162
259579277
223388381
299818204
292644907
268860750
282665596
264513367
270270535
283877117
232161390
296042859
278528220
260735829
262485471
252555793
251321593
257143819
210101112
262570939
287250740
287193529
244277816
265572363
287669434
223667919
212096633
256645010
289011842
280024039
289695398
262204117
246437443
246285818
285642861
251399921
269851298
230164048
285882067
248217596
231977821
235581267
275411095
220117881
274802605
227235089
284429693
253541565
288350689
291169148
266806422
265580578
249468333
276106041
289896712
284240930
213400418
292714292
274012057
247218581
291065200
298977472
249099985
245832820
261753245
266710917
216339974
264222496
256224879
255739052
233706251
298051262
259208397
220018625
252997510
232793408
286771191
284354710
229733485
294155503
277802538
266153846
291808309
252331795
275771849
236275966
260649935
215866348
289398349
232758452
254909504
255550229
241525207
251492609
245991569
285058694
272560743
220590163
291562300
242239919
292793983
261125724
214266972
252237645
279568032
297443742
239026537
211240123
246812932
234759149
288313609
257316348
281456960
246037985
262969220
226406035
233247385
296411433
289523003
249633745
214613091
270553660
215309168
266225365
279797835
230318984
288454233
222016820
288117297
231090027
257227758
250743926
245402305
231773402
253802414
264755076
285551626
230289101
219827785
288116526
251529469
278211597
245338554
259454131
256901414
294167473
240557148
264236886
273070697
285788075
268547277
278879251
278346464
299283451
225673879
251811600
212329461
263787341
287660439
226395183
217127472
286382368
228625465
233891216
290756766
260251681
210504550
219715198
210217545
254255771
236894198
219995481
225284676
